%%
499.8065828018352477
-3.4715481374096271
-8.4841733537799833
2.1846425161174237
-2.5610348462437180
18.4868185668513654
-17.3690266628799534
19.8016609993246249
-0.2017842152172840
6.7417017745735244
3.8404986060204038
-3.0383285176205961
8.0446631052383211
-13.1452817218792006
8.5100247810499248
21.8691677218203147
13.8404911239726047
2.6799465578157919
-0.3643785097528318
7.4723220933959560
14.2329822142617246
11.6251153586105147
-1.6623841170319331
-3.4060602688490063
-3.6147517201992967
2.1545638448133211
7.8763922709537191
0.6237486091518538
9.2903121515586626
-1.7922781406374746
-1.3812605698068181
-1.3495832653717967
5.7173213879946072
7.6064817381057459
-6.8038677272366792
9.8897998933324480
-11.0768221786393575
0.3498954017189471
-5.7809469792883172
12.4192260015566198
-17.7748097226953199
1.9922568987443059
-3.0036613869244899
9.5101031264659994
9.9249782984125510
9.5784296860522993
-10.2442620838118579
10.9262659215335667
3.0622059549506266
0.5292729210070926
8.0545238490130977
6.4802424619673102
-8.9942802916008198
-1.5190965202725577
-11.1330652771583729
10.2085009133181899
14.5178571040740465
-0.8213071782463643
-3.5022927119441212
-2.3437295235906141
3.8917783426427532
-1.1463719952639964
4.8602691016227473
1.7330230234052093
14.7858699632429875
5.1675261032654163
-7.9828383775986591
12.3944669952056490
-5.2197561750360073
-8.5525571687577475
17.4801671128764227
-9.8835668359087983
-8.0699326495607355
-6.7464315834345019
-2.1420624052816439
-16.7231926428680850
21.4609931305202224
16.7942598326072954
1.1734366364485034
5.1283779458475802
1.9705482808793580
-17.0049436766020463
8.2043516362854163
-1.1382947313631648
-11.0085517105674278
-10.0260027301746177
11.1630161949925935
6.0621398972511100
-14.5025883160768672
5.3510098304055411
-15.6419630936730396
3.9935177117507035
10.7442770565881709
-12.3882686257084522
-0.3057709774361430
5.3477319536262726
5.4650735490690607
-3.5068625905697144
22.1383492043055909
-7.4889154825554645
18.9283894770888885
-4.4997792813002526
2.4926451286687197
4.0614513626749718
23.9176837294793643
-0.5560408560820012
-5.9705904362312578
4.5721636955315441
15.6241375841504428
5.4362521265310484
3.7779779009522247
-6.2413607209918922
-2.9064448060097137
-2.4784210752852083
0.6733579356658133
-0.9444236056584552
-4.5170890041187484
21.9285164062587121
0.1687598030564410
-4.1562536029278725
15.4606084681333105
6.7761615304321392
-4.7133608504312390
-2.3079720555247150
6.2798042489158430
-5.9028230019681285
-7.4067817322014804
-1.5817998171618233
4.7853181107989542
10.5214107742856466
-5.7565794057954882
6.1318631166585984
15.0435147174948334
-2.1999463599017375
11.6469011652679288
10.0314781787410627
-3.1910381025739705
-3.7686160158345361
10.0606895579989448
-13.7291995522526555
-15.2704208729566293
12.2000591667925828
8.8920065222319629
-1.8920574068938629
-8.4173235897480332
18.7903825592386902
6.9100006885556953
-16.6516436365048364
-2.5596418474966391
6.3286809221112783
-13.1694663604972408
-6.3005866364562610
-7.8948265000105238
8.3117111251998992
-4.5082072434797915
9.2681223905949235
5.3056331702432793
-10.8215225142992324
0.7621248524423032
-4.3028729335773281
-0.8709523524723330
7.8510365997319873
14.0033711701864476
0.0700957547900076
-3.9525835361903239
9.3444026945605891
2.1308650397648892
15.1513791982142472
15.7024664399838159
-2.4106019524979514
9.9080370264034272
6.6465957666850954
-4.2114798585062427
8.2279798511886799
-5.3196154371148889
20.8812553273625312
6.7334760865289640
-8.8901188624933383
16.9419699063819387
2.3712234715144405
8.8437895194567027
5.3609553793883213
-6.2699932019458107
-5.2815048823380106
1.0709619118405946
-5.7430729350673477
10.4512012079088006
9.1175339752796791
6.7377188603107321
-1.0932716681634416
6.0666782291888559
12.8987205084300527
-9.4325658456062715
-12.1493202847618615
-0.3453051110191795
0.3926437400260172
-8.0370813442002369
-10.0045570487141280
-3.7911777356910732
-3.8443530924911093
25.4079529734855996
0.7811847803898875
7.7394345755790255
7.5439198091877735
3.0182833886494400
-24.3349473355233670
15.9605068429527126
0.6128587255004678
-7.3943339544879194
9.4941158650649449
-0.5205625029206953
-11.4744675740207303
16.7504585596720368
-1.4917232626850447
1.4188622693602189
-4.8632464037077821
-3.5237642620103600
-8.0503673153976703
11.1597167835034199
-0.0888367913715111
15.8921569973381480
-0.4082694577262558
-12.2357514892000037
-0.7952695784353185
-0.0688544715407602
1.1517245597104830
-3.2074229247602712
13.6479215264544234
-12.9448466226096688
2.3000021701459357
-5.2909626838472033
0.4206643639490983
-12.9421491105392494
6.8507359043570855
3.2830019040780973
3.5879838397898238
12.9735848329235939
13.7689895968306129
8.0026855355855755
-17.6122135152678325
7.6397220545510569
12.4043554552792585
-2.2436601318464957
-11.0173234427946554
-15.3049277070759473
0.7489861866319325
-9.1005080788920587
-9.4434339256697193
11.5775711108549721
-0.5908179047329867
11.7519178551383394
-0.4515873367396228
4.0681195199651619
-2.9399088164581433
18.4441405162708634
5.0701372132728579
-8.0648535392718710
10.3717565993362317
-6.6549684079464901
11.8781282338894698
-2.9489048326698653
-5.2344911909522329
8.9549694638789603
5.2620782311875223
-3.9461491872413523
-13.7764229594921090
-1.1618041488011617
20.8022922481535701
2.4131617144113475
-12.1333705107904493
0.7287616571241866
3.1665995706908681
-3.0972794589857489
4.1935367850084777
-1.4333699501152646
11.6295361172903071
-14.7841624323900636
7.0459435086483371
-5.6522364316360836
-1.8648534234014815
4.3221072780761958
-0.1154311924943312
2.0646310332806896
16.1131414759067937
3.2961513621823229
-10.0918840355642399
-9.4672126071070810
-2.4425592945577370
13.9110796280553775
-5.5060386948729114
18.6927405082493472
4.5352800381136085
5.8259855259138762
1.8560457505455623
-6.7280985754364036
4.9518101018432752
5.1910048717934174
8.7644234773658187
5.6177177140309205
14.2103645746294980
9.0426082793246518
3.5869009245431740
-0.9360049802469090
7.2560874892518781
5.3948772592827989
4.5205178888810185
-9.3133709775289493
13.1908789831991360
1.7880952624330644
-4.5909267414646138
11.5974824383638300
12.9809572447452624
-0.8316890796764351
-9.8453785723925282
-6.4998594767665114
9.0038399136990019
18.6072551394064121
-7.5783714181267765
-10.8175419164617956
-17.3494144511672168
-12.6771956492376816
-22.1055329454613698
1.2055046805538490
-0.1591140965979549
-8.0899259054194630
-4.8736544084140334
7.0294650220722801
9.9065317920423190
-13.4324716011577205
-3.2531476618665973
-6.3573296496743072
-2.5764291231586629
-12.2979610314693240
-2.7257945453289443
-5.6151524151982795
-3.4376003621113616
7.5421632680127351
0.1251323617795421
3.2130282068257214
6.4549127559933348
3.1643666063102494
-9.7191294353611504
1.6070288092437535
-8.0327236252529630
-7.9854121518223389
11.8324507502663856
4.6113496106814456
0.1413395157960351
17.5784824536090412
14.1722713144210779
-10.4270409460421973
-6.6389836649713523
-0.8804775756356440
-13.0845681433803733
-0.1360932599217488
-9.0885564977933484
-2.3705897340692372
-0.5628565241090697
-3.1080797988811781
0.9876944057415387
-2.7661225664442783
-8.6534061080520068
2.6193612182913348
3.0809035983644879
7.9517385360351680
0.3243076871138557
-16.0353637102725841
11.2713967200483562
8.9534599893462001
5.0461927873182297
4.5558934175744588
-8.9382511931262734
-9.1765460944874491
-3.6793691780946700
4.2546260256885020
20.6200898659289891
-1.9021764273643491
-10.1010154730118842
-7.4773640053008466
-0.8919257885710001
6.1993887552227855
10.9037246249407218
-7.4883506661572925
9.7928144560853809
-5.3159074169220908
12.9083535268658096
-7.0590316364005439
7.2515569438991960
-10.2326284337027058
-3.9819741794163583
2.8036711738435356
1.9222770863380232
21.0792098269569692
7.2779604453721038
-1.4680249299444155
6.5682797866790130
15.8812901314255992
8.5708650100657113
-13.4501139930782116
15.9876252946529078
-2.1498030796579943
-21.3340298522777800
6.8541621825759069
-13.5120846444190494
-4.6178670092394940
-1.9540641202386653
10.0649981044320072
-2.0901205751804586
-0.6605180774520325
2.1369334852585653
-3.4972259053929449
-1.0584509697794628
-3.6551625142190165
0.5542442373939558
5.1444533647852433
-11.0334640943231008
-3.4839375286729686
6.7551168293498245
-18.0402367222728373
-12.9986366664579407
10.4039696069274825
-25.6961869624063226
-3.4458150347428003
-12.4513670629021664
-14.3320400059158644
9.2322537512879492
11.1727317834839361
-3.9835221584928222
-21.5871542102498672
-0.8137542101401607
-13.6377263025602140
-4.6237365538562747
-7.9895683043782233
-0.2398969144529888
-4.0320710878251642
-1.5712382539923153
5.1099627238602592
-2.1726132126174438
5.8872968534395058
9.7590436048268732
-6.1226250861411380
-17.4470028408384472
4.0009021771182320
3.7385851688070075
3.4545037545388508
-6.6177946835834325
1.1320528503237899
-16.8036687999753767
-3.9574450111309076
-5.7807160617505389
0.9511415130776246
1.2501746360001587
6.4405318051509042
8.4633429011570307
-23.1452428142640763
2.5963411476263758
-9.9937743528522951
5.0974407753038564
7.2647012239502864
0.4782507589480214
23.4870533313098022
10.9670997322771111
5.0717319409616080
6.5333782384278019
-9.7601770602604034
-14.8292553213673415
6.8942312241974877
-3.2918263846258595
-4.2175391691472717
-0.7380148239227704
-3.2472781236096306
7.1225091839139640
2.1001292906487170
0.3672652660267040
4.3592620149515477
6.4164427101701405
0.2860369468926542
10.6825511590376792
-26.3795519288861051
8.8066559473880481
-20.1304729896783492
1.7037540535398996
-3.3134860970074564
6.5827575259534958
-3.7728962656034506
6.3213894732138263
-5.6960536928039200
-12.5991415883490863
17.0121312292416960
6.8949499252214892
2.6621741722920236
-6.3871552144552366
-0.3696506603590208
3.2671292758999684
11.3102203167073156
14.1928044979882095
2.2837210919684683
-7.6476722698481971
-17.3349021007772954
3.7870459295200112
19.2588007596331288
-9.1966381466651548
-6.0229851424503904
-5.4850963880082348
13.0827993762765296
0.2835528884087992
11.3423492519944489
-7.0045409559102332
9.2622748054128774
6.1184591943967135
6.2656441515322410
8.7020434577813823
-4.1340942019659508
-1.9117473747654561
9.0617149442751206
8.3663285359376651
10.9920226115231401
-1.5785336979620990
5.5884720215949208
4.6653553621144166
10.3286845149121991
0.2125880406603002
5.9581997166210128
-14.3741466556419475
19.3207528113826399
-3.0698677609472789
0.1179067973634661
1.4176829954782710
-11.6016544172142311
16.7488282575182268
-17.1505939443606366
-6.7134589211947011
3.8748267059318913
4.5238874617383757
-12.9387692288105445
6.0192208094270772
2.9520502345570732
-2.0293268139909539
-12.0064587504938771
-0.4740616940282019
7.8700148051264076
-18.1335736619789785
11.0907333712173433
-8.7075987855642865
-0.6769118037644581
-10.0752685398219217
9.2774002806953284
23.6549847290090192
-1.1681801795128735
-0.7070921735381805
17.0556637300521921
0.2062098738650739
-6.7957306195325957
-9.4592410738273536
-2.5033680901585686
-7.4258250644709189
6.5380079470147567
-4.0074479284614792
5.4207258709096262
-6.3136842846010879
-5.3126413694246200
-5.4584365549301150
2.9882418308759422
-1.2349264960383235
8.0234481879394899
-9.2562449649695502
-4.4350364173210926
-7.7578236315881641
7.4418441216696189
-0.0949833561809941
17.1340719300577931
6.3187856648846887
3.6086310773952879
-10.4477877396828696
6.0025148362456706
-1.5155598080377661
18.0820848201736837
-17.6432617993456873
2.7179736483557821
-3.0085816460122929
-7.8266490143447278
-4.5955535818996474
-5.6424506274526021
-11.8066961258303582
2.9136044111211903
4.4602115669935376
2.3018620947390778
9.9520733315270533
8.5202715912352573
-3.4561484258998432
5.1941134491696914
2.0918840457964261
3.7624855288933201
-27.4997585727328939
9.7170972395105508
6.4550707181950315
0.3242609004678334
7.1272759562615304
-7.2049794426330873
1.4784296414420517
-5.0195324637163461
-9.6719166003199355
2.1179344381006922
-2.4405924358959443
-2.0742759525407868
-4.8867492043680967
-1.2232865692675410
-3.9905776677270137
4.7732668279675252
24.7966241865667740
-6.8505379983381900
9.0260171424790698
16.2319182230158567
7.8454333509476593
3.9322029739535744
11.2320686586798733
-9.8584803461662123
8.4931359405896441
-1.0085829296854492
15.2994826053315336
-4.7019722252462524
6.7256992911747906
6.8627842139830841
0.1912985634822659
5.7998859014131945
6.0952479140741325
4.9093564233245663
2.4866941026196026
3.5666531946715931
0.9744283857542000
8.0558022803972449
-4.5499846252542246
6.3720255600435891
-11.4441226892695340
-0.0144317930575180
4.2743850813858195
9.6934693104237333
2.3593634695334629
-8.1106198816886046
11.4427394505238151
-15.3549249423262637
15.5009390131685834
-7.2956052761453973
-4.6522483269282420
11.4633018521168992
5.0504439428655070
-2.1374701279061563
3.6888454368858081
1.0777909059776176
1.8347600179168042
-10.9378849386227905
-17.8032191210254602
-10.2844990570033037
3.7112787894796351
1.6724801391245394
2.6270328835897407
-1.1816877422131165
2.0893990347242366
0.7669405020159576
10.6900397489502748
9.1049248397728650
4.0951358114759309
9.1274280779550185
-5.9257377772526958
15.5915922253664796
-4.2901289293897236
5.3716041151176226
-2.0805575732700117
7.4939570992294620
2.4614140530194852
7.2212176476071352
-15.0953389264000020
-5.7842619378653826
-5.8349718408378077
10.6193181108915251
7.4615091309559798
-9.8854615730382580
7.9354907093238589
-14.4135304704638649
7.7310869599275920
12.0829995491107525
-14.2017461188118865
-12.6048610902622986
8.6192121072728316
15.5305379421196967
5.8990135541335276
16.7151117572974783
-0.1330583274057329
3.0395953692884632
-10.3069696802810675
-17.6892436825248147
-17.5346549715583144
-1.7471716198742282
7.2252695346950375
-9.3305247343243831
-15.0363045408764311
-16.7567685165568534
0.4898454743007381
-7.9456165125763718
7.5547963290601370
-2.6986974184657813
-12.0360647651385335
23.0095167694437421
4.0021659675807673
-1.3377740239314950
-3.6795752858250252
11.0208631403264832
-2.6403237554911536
-15.9743367135496062
12.1635932889819944
-13.6670608492889887
7.5881833183500671
4.7698697645166499
-13.5226392574700647
-0.0754320823239354
-16.6118408406938549
-2.0712232437142206
0.3624383263178497
-5.2300219949738107
12.2766605520316219
-10.0147416329570724
1.2678970978069124
6.8489227838974873
9.4855399124623165
-6.1953202114260293
11.0824241818925451
11.8484530338272549
6.8064939290682105
-10.0781480756173529
2.8044364176049426
-7.9221717999082513
-11.2630346018653498
0.6384175967727419
11.0330756203700027
-17.8135088554622385
-15.4678608022694561
9.2075811737046784
-16.1910389919420759
5.9275791703609260
-4.1355065307130650
5.3144553109548491
5.9074155656848832
1.8009330561374082
-7.6207904803312587
1.0419218673320216
-28.5604287578779683
17.0405536590423559
20.8925434357734652
8.5823348531086943
-1.1840977548793914
-5.6563229605828171
-0.5413583353499751
1.8628765752536438
-2.0507846948683071
6.2683423747632290
14.5081842035350022
-2.6315559023484187
9.1042030909607412
10.6810863911582494
13.7732828178448621
6.5484629507071812
-16.1652979411082498
-9.6164951881106759
5.2503275180054718
-15.2223965641601815
1.6652155284481083
14.9053618971838890
17.4949422088607953
7.9749945296466302
5.5629479418484680
-6.5341786436031253
-26.7897586023641594
-2.1493384805422444
13.7041698580203981
25.8301195906365919
-15.0111058637111512
11.3247386720764087
2.8294357915472208
-13.1237055569884618
6.6119054408316664
10.9349473563841197
3.9548695009674915
3.6440996702116415
0.4230069761416335
0.9995975638965735
-8.3726633073548395
-2.1725704501136516
-0.1936783440563925
-11.9552976061054821
-10.4931665716557703
8.3112288312029321
4.9534303691105057
1.3503476097622515
-11.4874150598310010
-2.0631254748736803
-14.1089451925993359
6.2962985487966971
2.6537716124231370
-2.7964196852192429
4.1176851947538093
4.3147284346592532
-14.2696922888329549
-17.4173608090120915
13.5810428487981465
-11.0497459755545488
-5.7170199220963855
-4.8483319827090394
-11.0593372737421234
-2.6016781396405233
-10.4513838729175159
-1.5971296775359738
10.3258198838216479
7.3881754828749182
3.5714975427254716
11.3940400948215945
6.3079729673271379
-9.9265690614552859
-1.2133105718194210
-2.3103351059132056
2.6227502280955690
-17.2074732860211874
-18.4092376632378141
-11.5506649216517392
18.7069296108340026
16.9013608899043675
-11.6300720850186661
-5.0414668369370563
-3.8017501627309094
9.1510497136628182
-11.1763482840684745
-0.6276838893564087
-3.4858208939624515
-8.0045679919507204
-7.5015290344270191
11.5648823780502727
-0.4186314732322352
2.0224129030873570
4.1585916051987653
-0.3919641361195412
-3.7406966006826154
0.3957387533518517
-12.4319633571821289
-4.3137150775993218
-7.6706642871991280
-5.0749068074983636
1.6622027867934195
-7.9911239983570717
17.2180021276602133
-6.5264162203133544
-4.1576959320699576
13.0733321134470692
-6.6821213371086197
-3.1514269312567773
13.0230023921631837
10.5969409123034612
-11.4187921756238051
5.4596734748447266
-2.2926257992438499
1.2116961036944360
-5.5247825829972328
-2.5265651916096710
-5.8661081823148917
5.0061756777744222
-6.1427263939136356
-4.7109913231089990
15.4357335957283439
-17.9934471512029432
-0.8082647728601788
-7.3341661932122815
11.4003006048426254
-11.8313256694213393
8.6430232938542062
-19.3079050359259696
0.8947326201175034
-13.6550115143015169
8.9802213223051623
0.5767694049725192
5.5385065562981728
12.1110939926570111
-6.4108474866501224
8.1339878690253578
20.3443776110777925
6.2016138523451909
-8.4284631885967016
15.9484801847316682
-4.8575948344112554
-3.8747310516197420
10.2149294833612085
6.9061191513193378
-4.1545846156127837
-8.5237548527333651
-17.9246419825926502
-4.2765535814599129
11.7897187471709994
13.9821930115533775
22.1169081268032031
-16.4356955859210387
-15.7219600979042866
-6.9195152234296184
-1.4736909779570504
8.6987311145512773
-11.1313221359219003
2.2496277586268443
5.0126674069164796
-5.4704622751070460
5.7606711777776312
-6.0538436545738312
-4.3903369757587436
8.6892834789141435
11.9634280804072173
-7.6645512561012126
21.9282266744273073
3.9531825294899727
4.2721525837937326
-0.5062415000184710
-2.6891478731359566
19.1221433120930548
-6.4761685550637615
4.4522057442526721
3.5896151490004944
-2.0870623628086857
19.4858928344886948
-1.0749772462264708
-9.6798442797984610
-2.2999124682744929
0.0504639439011028
3.9613519700484749
-1.8159759668786712
-12.0455206829627848
-10.5652606830150262
6.6259439334759040
-4.7394499314437848
12.5719826209516743
-11.1084538775593220
-1.7349988851340834
7.0234007799384530
-14.7707518980226098
-3.4782704617316469
-9.4513645200035796
3.8205828544301941
11.6837370729329404
9.8982268499520618
3.3199060990274809
-6.1327941987982673
8.5408963284543997
-6.2141702944626278
-13.1745123418193995
-14.7866034671478364
6.3532785464570685
-3.6976578106215117
6.8969494793928616
-12.1378945427405931
-11.4573449816504898
-15.4828475891691504
-11.9153779920255598
13.0198765946093555
-10.8894000475442496
3.7342314178386582
-4.7834241779031306
8.4399947205506187
-13.6616049093040601
0.6397077789258887
0.3677165586053164
-12.9853514243831896
-6.3420185545911689
-0.2108480556109029
0.1592616371854118
-1.6399796149940573
-2.5983118354004326
-3.2568105327333954
8.2470590751180914
5.6046621489107089
0.0547383306943847
-5.5526776876589210
10.9760075686747740
-2.2256433956191666
-2.5027879146878114
-8.3131558394318432
-2.6562573856151603
-10.3596825969828821
0.2908046930753057
-3.9760881682340803
14.1988182177162940
-6.3178719312500169
-6.5078710538571016
-1.0195153709605509
-7.5469623825446579
6.1484658834644978
-10.8960582573619931
11.4506830420907519
-12.5999330256583271
13.4699782203469631
17.9175856629203629
4.5829363574975268
-7.3594542366127520
6.1812648289782697
-1.7493604846402167
-4.4601520740373406
6.0230355715772497
-4.4004555186843977
-4.7052135799192349
7.1133523772335590
-6.9940665409134333
9.9202737385887616
5.0221989763278403
10.5697848736600193
9.0874907837488887
-5.0242099971134841
-4.0183440368690908
6.8071403709619167
12.0206704209165647
19.1444101586387383
-4.3984807106811328
-7.1634490970378835
0.3286927498181782
-2.5573090234396529
2.8506244136251322
8.0431674111214235
3.6949109733761745
1.5989355809851400
4.0697802767997002
-3.0562445597692234
-6.1707699694126728
-8.9393520225084337
%%
509.4771675150243482
-1.0691225265986475
-11.3634668751500918
-3.6789775171668611
17.0636835199097092
-18.7509283378856964
6.7388623228171811
7.0781711015274391
-2.5422806978521826
6.7059234168084316
11.8263762158053911
-14.2198451240484882
2.1911127534884196
-9.3293778591769616
-2.7972591881344275
3.8420300885011294
-8.7997280535391731
-8.7573610607115313
-4.8212991503841067
8.8803675170459595
-5.5716798851954454
-15.2956694846945727
-14.8866511470937031
11.0940483909365053
-13.4191555664679125
-2.7659936287430380
2.8539526614813862
-1.4416709622857167
-6.4766534191766159
-4.0248743754053056
2.5658220680680452
0.1482989677481079
10.0928812108262047
0.1013606600962103
11.1958417952159870
-0.2922602760294701
-10.1985410562259720
-11.3628816243901891
3.0318103362543836
-6.8583258952089041
8.0262223360448566
2.9394321406324155
-18.9895584275153162
-17.7712798647424641
1.0180176168459791
-3.2690354731511473
-0.3210824224393942
17.3300319024931397
6.1106973497115931
5.7594023160431291
-4.1614537309297237
-13.8453242759752388
-1.9441261078987675
-4.4347660681341399
-0.6620395514264165
-1.5029425874423410
22.3930426935769162
-8.0693399693491461
1.7488733651852812
4.3915402678647375
1.5798456088986379
11.1857993248495049
-3.7310621974946150
0.6411475618575402
4.2544837081615823
-3.4601503984961433
-5.3118338694598997
0.3746928565680476
-6.9780513959593797
6.1677483452598132
3.6514642086999944
9.6125000329085566
14.7302193339243441
-1.8714663761929575
-1.7783501589564819
9.1749607529304438
3.3645428069722243
-7.1498608438045004
-10.1384146010999743
0.8688814099243922
-1.1221539244810534
-4.8024883785444290
-2.4835369565425740
-13.0282102074963166
-9.1268402590866309
19.5051905967708272
-1.2010531672041698
-0.9211815404621315
-7.7851249978809918
-12.2017454294857330
-4.1513617466189796
14.8188083568208366
5.7471408063266658
6.0851704403543607
-2.8411614257438629
0.3143952713614544
-8.6297536720629608
1.3300942963555049
18.3981457331160669
-1.3733252774255860
-8.6201764791243161
-9.3834971947254129
-13.9137481089358594
2.6562027185159183
-4.3352455983379148
-12.8944352463270757
2.2628194117432652
6.6825784069272434
-1.3083179354105408
12.0454584827153734
-3.7468608888625741
-0.9555598299614503
10.6739301980337817
10.1410417816037128
-13.3501368221749033
-7.6905357948560997
-7.4001059571756382
-5.4365205878205884
-1.7030053680790180
-10.4188377759008297
16.0156819551168574
-2.2860761715999374
8.1364406067414965
-2.5877839748977389
14.1196145151357744
-7.2436319082656428
-6.4035887716626405
1.6586479263787317
2.3483314499941166
-5.2095358516512551
12.5436015259344149
7.3499063122824477
7.7535076006317682
-4.3684593668897156
16.1752749968461167
-1.7621479870413728
2.5671383045057574
-7.7313359511570656
5.2707831492498096
-12.1015303805099741
16.1345450774474877
3.0746661232453212
13.6262399020934097
6.6354725390866589
-17.7856649327247673
-1.3681692225209012
-1.2648702003139873
4.5531844185092503
11.9169980150154657
10.2829452720621148
19.1623546254488986
14.2363097495115571
-5.9118724736752410
-11.4442215303375612
-10.7533962688808540
-5.8165425920009302
9.8374368600768065
4.1324993737134443
-4.2081155168057629
6.6581417589014924
7.4795450110598498
-1.4506884413457453
-5.2855619002203529
-6.6028292583288195
1.1580353012498206
-1.0577110519715163
3.3187115115984915
-7.4629545678824183
-6.1807835517475738
-1.1986052890972960
17.0517488385248157
-1.7227940484143209
7.7894729316916900
-1.4156432667798002
0.9506429380860895
6.9851981560935883
-4.7463093510144354
0.0535899196913605
4.1755541684588842
-7.1599042939044324
22.4542442729043117
5.2253548765448041
18.5118572750815886
-2.1850077051829988
9.3403210141522877
-5.7677934680605061
-3.9786570969601911
-25.1133020868369385
-6.8724745546086030
-6.5620110885394691
11.7963442311315969
-6.9457696370629822
13.4232434598899566
-6.0502081404623773
-17.3306563723519140
-16.9817264519591795
-2.7345033427778382
11.6820662560497102
-3.9465711850423708
9.8423256267765051
17.4457387587225732
9.7408839882869103
14.1572414984139705
13.5476092033881983
6.1407598190128976
-1.0311791181555510
-8.5430433948226217
-0.4818144627232668
20.5624399059404439
9.7598502627550872
-4.5525173619368786
4.3016628470978606
0.2472520922414312
3.9632277310609965
1.3220187299371124
-12.8561878421817433
10.2085617957268191
-2.8584533753950048
-6.5606591011014324
-4.8743745518918971
8.3426584051497077
-11.1336787804023825
-2.1938852431307199
2.1821113428448653
6.4042060110350674
-3.2633003388584969
-11.1840539255335720
3.3087005865383885
0.3610661912534709
-15.4362465187227365
-18.8612381110388299
-11.3123737042298025
9.9929082498193154
10.7964268220570503
-2.4732821747456795
-10.3708913632761828
-12.9831799966106942
3.6564083552979012
6.5391167874333664
25.7402882743062804
12.7127881222585177
-18.6329649048722175
-15.9581386485720245
-1.5645082160435182
2.2182475205550789
12.5851460652380531
-5.9077398784521673
1.8559758161089053
14.4832818928857971
13.5137851727556733
-0.3285142942301205
-14.4631082565510880
4.1028325030146675
3.4662603782168318
-0.1089977759973166
2.7822013488195827
-5.3846756885247125
-1.6126909487049161
-6.9298103284356420
-7.0021288930746737
12.2389579717314803
3.3677929694750839
-8.6504455170572037
-7.9295073739328901
15.2498867890426837
13.4201620419092542
3.7710829656027380
-8.4857273423860953
-8.9964315651655919
-9.5138801860125088
-6.9188108454401060
-4.0934906785118610
-1.8606241856150865
10.7446602402078639
-6.0764475494166845
-8.2826642548493012
-4.5712770305809904
7.8503307423744424
-9.2340219563677675
-0.4498456743743642
-12.5294491594631108
8.9301767051937606
8.5339356517939340
-4.8644737781991143
5.1209513552616395
-3.2544989584165416
5.8752589574209395
-4.3895209142044234
-0.3472910621288499
19.7301661282085483
-6.0622880597696884
-7.0740884975155627
-18.0693921993985640
-12.0430819456038094
-3.7298508819985701
6.4111013912061123
-2.9611872612594539
-6.9617648256237086
-6.0448116888534145
1.1541892510429896
5.0966847305254834
-1.0601478654966168
2.7012479828800910
-1.4460619339275751
-1.1860268129948786
-13.1600554454112508
2.1586888292295345
6.3890050226192265
-4.1065017782073419
4.4544450450995026
3.0959333328024030
-9.5106126591418931
2.8271406996342079
-2.2292932414834294
8.9654622529184795
1.4551274373046801
1.0058753274951591
7.2222789085632986
2.6252312035666328
-3.5370366713692722
-1.9872485429674098
5.9593709525429812
11.9245370516917770
-6.2558857522387878
-8.2169749017536695
9.6660831181695457
-17.7224722467668201
4.2662315151350416
4.0362590639067033
-5.4957542616934436
-12.1834255563933986
6.3456730995168300
8.1522162695041871
4.7640406178469705
0.1622119544062954
-23.5230687288005562
6.7407264180116719
8.2089341051787024
-2.2876055716194115
-9.3583304947415691
-13.0761753294997689
3.4844378560336589
9.8053559749602108
2.3521071609199193
3.0213839744496811
-10.5809697128241602
-20.5916171434338970
19.9961187807572038
-5.6578348758392796
4.7823976779135311
6.2455928096053892
-6.9554298698634263
3.5537944670096806
-5.3554197646490174
-17.9688055081900409
-10.2874356820655990
9.2789553587600828
2.5261580639168346
8.3425615663248838
-2.5607869600170932
8.0622363831248176
18.6501950139748232
5.2883843632964425
-19.6464291834517084
6.9158647203750032
11.2295251369818292
2.1781654016346512
-1.8223199890328190
-5.6573249796250096
-0.3800245110555971
3.1094117819113265
19.0022410881677004
0.4040530787965562
6.2233457070012452
6.2360974787504384
21.1933153868538966
0.1007736265180630
-0.7471272213770361
-6.8975061513383444
4.2843307340097194
-1.2755448385290089
-2.9058663904896376
9.1368218492617856
11.8316161411440532
0.3306969429405626
14.5926321065440838
-6.0804059934370187
-7.0793244640592405
-6.4382000795648402
20.9240986898050529
10.2755071239025675
1.2755292202931470
-13.4092532318034490
2.7234311107211635
4.9694925335937565
-3.1146658843459796
-1.6571439574345472
7.0093213444142464
-6.5297733190729499
10.7489945265772793
11.6991134344005765
2.7742378400838987
5.4038815670923785
-1.9164325164809584
-11.8792434157374505
-9.6672193739614389
4.8776389983341257
10.7752178463106585
-2.6671460721261422
5.2056634422608266
0.6386170373082333
1.7759576172400928
4.2618607582373720
0.8175205968451045
8.3009038312281440
9.3549301291563047
0.3467208343820389
-0.4003067259586452
4.2490122632864527
-21.7048209571422426
-27.2444092568215055
2.1878828302292330
2.3018798237476403
25.2891206334118586
-0.6073212197461109
-8.2852719417593867
-6.0630291681448227
-2.3974185864668982
7.8524145149202589
2.8749796098034146
-11.8799865324303600
-10.3771881797819230
-5.2226636353773728
-6.9836354216765635
5.2708328867956702
-4.4541946355781903
1.6134265054867942
-9.5962707007439345
-11.4898273773143185
10.1838370479910783
-0.1727296291112257
20.3640384784467159
-1.0162443948216744
6.6103434322971859
4.9291347858288317
-2.0433669355016901
6.9113546503490140
6.0078034249413408
6.6402096273131868
-4.2078143715970988
-0.9118169634474933
-8.8183114640586773
3.7578610769979597
-4.3545088404925441
-3.4393961562000634
-7.8453128793158147
0.3177149497117517
2.6169959408685024
-5.0625004389532631
2.7589352810803884
7.8794196258193185
-9.1958657812288234
6.8357133812348643
-15.9013562806333724
2.3309898082344822
3.2148028068139598
18.0782796973334960
1.9142464693548646
16.5294602080613267
10.6092310690253520
2.2515078594369387
1.8137253555528821
-6.3680756392584037
-8.4483908339879612
7.6717554291679892
5.4930767215326330
-10.6265297157860026
1.8818981263750034
21.3149150234563578
3.8593471710994880
-3.5831066561031801
-3.8454186359516789
2.5814635800957140
-15.3233262872611604
-9.2783997525511239
-1.8184703019583361
-6.5872082135873669
7.5453032928501482
14.1301106838305390
26.2209280542465422
-3.5272558833221033
-2.6999311738171614
6.6776217256282839
-5.1592051703564694
7.6212220255768033
9.9359203044114270
-9.2205792541791318
16.2212211451444155
0.6513079650619749
-2.1367218678175033
7.0246136696178318
-17.4308799044995943
-21.3329948798568125
27.6784239261190805
-11.1978918168987605
1.1661325979922772
5.2830824627803619
-9.2632826806818951
-12.2890371914381085
13.7414733985052244
-1.1129477952326159
8.6269894095243309
-7.4528933204714338
19.7159884607275870
-7.5566791296049693
8.8760520732270258
2.5187149837510772
-17.4202150463984715
-2.3169591071778606
5.5900015969946750
-3.5787339868122858
-5.8632314797174336
0.5690990442439361
-6.3458762011675258
-10.4403969758066673
-15.4620367050211875
1.2137827258088199
-0.1204939600232470
-7.3108684626860274
11.7822552566782015
0.6147094877144608
7.5283810710247110
4.3412266489360336
10.8822234920032663
9.1766789528784756
-0.9409781694630146
5.2039643103181294
4.9010983041280163
-10.4196985823493957
0.4960208234466705
4.3254952546092014
-19.6595703572169995
5.8621074556264574
-0.3967614525893759
-10.4354489491222093
5.3521075041296005
-7.7149537718020724
8.5205151723471353
0.2020332197920542
0.2045187161882158
13.6577496941137895
-11.0828350390502379
2.1179025488957111
3.6743436001724881
-14.1201261177543707
-6.4497958032414546
2.3908811313469416
-6.7945596278928280
-21.6142746677860771
0.0367472311021668
-10.6817185893259392
-16.3873524299427373
-8.4056149252247430
-6.5382039185743199
-8.6238146390925969
3.3956348532358378
-2.9680469594706671
-2.5226968153139713
5.7769929125454844
5.6956580870093134
-6.8934727134167577
8.9547109509959153
-1.6462407800289740
6.2632465223801148
-5.4032700086591063
-0.2892218698350137
-7.2300905604303596
16.0460264146495000
13.6862279500495632
6.1118898131814987
-14.0265985405482532
1.2616777434351398
-4.2385750321063398
6.1396221158300399
-2.7398755919125337
13.0298762157260235
13.5894637685750475
8.7751050298463689
6.9124187840268565
5.6991029192884444
-6.6717567260029309
-13.8039013269567032
10.9575692673650522
-6.0318501152700179
-4.7087385907739030
19.8646550213303570
-8.3448230203874161
0.8642640522358542
21.0971995396229275
9.5034918438059037
-0.7083543090468183
-8.7506773533144653
7.0661158347372286
-2.0284181776123629
-25.9080762997937484
-3.3549293384305408
-3.7605046162476126
-2.5120912581487072
3.3433137277063492
0.6168733546058367
6.4016016152127380
-6.3406133014327830
9.3416007169517137
6.2170264127619257
-3.2438763301187334
-12.6837910520096884
4.6138106005109094
2.7074399057531799
8.8428102606074113
-6.4164470840622370
-4.7816435400129293
-4.0524409628769309
13.7050718276674708
3.0115298623501827
21.7905022518484195
-17.5426573556294194
-5.4653471681262147
5.0799584363143904
1.0001216450617951
-15.1138971376091042
-5.4616490098788457
1.8233716310636656
5.5433101282851549
10.4257820700679638
-4.4267190979415378
-0.6437548161246869
-16.2685602521426311
-2.1683717127720286
-3.2858365687863840
-2.7471350707870554
3.8104031979047259
-6.6221653938041101
-10.2052218611058532
9.6748224729673762
-5.1266155273860141
-3.8472920675959896
-4.2312791144003787
-0.9742162918103769
16.5020684682492700
-9.4047713106687993
-13.9872584884323086
-25.2218767268031243
16.1040137687211704
14.0122856267984606
-14.4738748850399030
-7.8371549997165193
1.9017210190585794
7.6444805980305031
15.0539612855198115
7.2252916840651444
10.4737994540279757
-14.0346488127384745
6.1394176769931601
0.3296710964376692
1.5006289077526445
14.4666830975924796
15.5965274068421138
14.5087056860196597
-0.1967826108769106
-4.5282453792428718
-5.3922855477053560
-5.8366415470159048
5.9393635582100490
1.3179416414240923
6.0556846053604279
6.4345965426395857
5.5414552428595822
6.6264146215961581
-2.0785069265199976
-11.9084659771926198
-5.4323998447931459
3.2927202415336736
-1.7265941237216262
0.9847009675928504
-15.7178903362299032
5.8509896537988011
-12.1694940034138490
1.9963444601807598
-1.9950947375230221
11.7485719478380037
12.8829090562355937
2.6464413370067783
-14.0156890745566791
2.7300954288029580
4.3114961741828690
-11.2788700271375379
-1.6348403941178224
8.7364589407178102
6.1878473599969084
10.5041290421133660
-1.6879936624921790
-14.3034662167278253
-6.4217034054841866
1.3983521513265318
-11.0234036031760692
-8.7955404099508403
-7.0408859769287027
0.8161171583020885
-16.5803277501859299
-2.3462282641452381
9.0659597596535306
-9.3459643488172048
10.6279974793896486
-12.3088164383448166
6.5465870410625602
4.6452926697138928
-14.0758940163192996
0.0910023567400717
-2.9764617129600657
-4.3826507843458264
14.8602398081994309
-3.8150070767021296
-8.6962564502391793
15.5943953955318193
-13.6995159533940871
0.6522644521113028
6.5680133322143712
-15.8622425507430123
7.0130764914807644
3.8416847677490855
-13.4646625707587440
9.3786098521393342
16.0396313063695075
1.7050367370406647
-16.9918560079411591
17.6408618815236977
-5.0084734495298893
11.2850437624875486
-5.3666703813428143
3.0753644001620466
-4.5141249968996577
10.9851525243824639
-15.5451753735674139
3.5801666169834521
12.5018119518393789
10.7023396633520420
-6.4359527720948719
19.7657595893629363
-2.9890803858030690
4.9324479647832327
7.8761479748795535
-12.5817153113803215
0.6665113254425505
-7.8133850875187569
6.1148500606014746
-13.2817326160424916
-7.7472175111625470
13.2488205813645550
2.5576684227576494
0.2773072231094722
14.1568491177038016
0.7705658279071788
18.0327845931980129
-6.3872202262209292
-3.1208080557597500
0.4962345719463288
-8.2559184504023850
-2.4491593141169417
-9.2235721738236123
-2.4329692756437309
0.3557483126741561
6.0510006884238789
-10.4657297062495900
0.1062160983640608
-3.4150834753971817
-10.2321420824385356
2.0078844061184000
-10.5402727721117451
-2.4934199729762145
14.6447775052751563
-1.1848589419236752
-1.9849445331939428
-5.1566823206800230
5.1412758427412903
9.8791300744399528
-18.2127203809232903
3.2606793742616009
-12.1653454273564030
6.5197897616185623
12.5527576706433912
-19.4073351788971884
-21.5672060655233189
-9.6297842467006909
-10.8765625149764240
-7.4320314102095892
3.7591317407471774
-28.4413872394029390
1.1973946509181808
23.3294295864010195
-5.6521001217833291
-19.1730981216763254
11.6251992089266309
14.0834623678193598
-7.8423131977093039
0.4891324588121075
4.9406108675027767
12.4502408064477521
-3.5596005462160250
1.6809730026194067
-7.0208854109715464
12.5670834507713440
18.6860259778440962
-12.8123568789836639
4.4725328878969846
1.3309153185426061
-5.8171878616332968
-11.0425214335134143
-3.6798863009088398
-5.7279851242150999
3.6411522069007747
10.1972771813481344
10.1470659062439772
-11.5834968007994821
-5.7241993842909498
-14.7908271549887491
-3.3348023377863196
-2.9058196692974936
1.6130254111344677
8.8112899638053346
-12.2100804626353412
-11.3512500429534473
-18.2858193771618360
-1.3161548952339337
5.4845799899224446
0.3959223781496539
-7.9725364396941956
-9.5366774158735481
-1.0718579339731269
-29.5368945700499950
4.6311368608368042
-8.4537354796477651
4.8293866845415474
-6.9900881837930555
13.6710001445441023
10.7616416112059987
-3.6716238079154349
-5.0047832388797415
-8.9807209852098353
11.9638348977301483
-0.5032826639698529
11.4659448332837037
-3.0025989206635408
14.1071418311894021
9.1960960133877734
7.0568792717423063
5.1693823980143181
-0.6340601795188729
-5.9001368668518985
1.7021884302436683
5.7153794934610218
-1.9495841151674795
-5.3862879932648902
2.9195957417867593
9.8941867077563987
-4.0122049696785647
10.7323970554248369
-7.4234549503426805
-1.1957366136003231
-15.1401573905432372
7.5932518324509681
3.3206078438855346
-5.7455640964609174
-3.3337740151409405
9.4568789189403741
-15.0236719288649230
-3.5331675589746343
-0.4174042766387167
18.4519263330854315
-13.7994216292489327
-5.1364680829845319
1.0104457416339505
3.0413120887531528
7.2144317765245054
5.3390662941586848
10.3706735312077498
-6.0657466603357868
-1.4558389371730485
3.7714029521664374
1.6099696059176951
8.7744980653957434
17.7165902240645750
8.8418849059618125
9.5733216231342091
11.1093189569403599
4.3100700095608619
-20.6712109720362704
1.1438386017551760
-3.4562588619134047
10.0903575132651699
10.9417892877076195
-12.1678456948027556
3.9742245950007931
15.6457352681923432
-4.2027538951441485
9.4016308665159531
3.3663561196011411
6.4282157829695254
5.8610023436655947
1.9535716592956343
2.0354669525509115
-8.5168440567162307
10.8652403597146261
-9.7786588320578378
-4.2149049415666600
-1.6954633715218130
3.0356416357905451
-3.2405757976408940
-0.7889723913904363
-9.4224532713531470
7.3712425253753961
17.5609549712799655
-11.3884826363604308
-1.5062755930138194
8.5543273040935635
4.1880146479471314
-8.4671702764378658
16.6320453805184805
1.2202653063960520
19.1776960663346330
19.7211405836863847
19.6147916876586983
5.5121582544286154
-10.4718429695257953
6.8674750894910828
1.4797661017251516
4.4260794129565904
3.0356372070541835
-1.8150065757829821
5.7072946598642940
5.8468605816273520
-8.0708405674265631
-3.6391979073531449
-0.8735999862443524
1.4379228575183696
4.2048465158538004
2.6401634644961973
-20.2066028012160892
-13.9682141908105972
-6.8229750575385442
-7.4993418621411845
4.1490431793053864
4.6004404245646286
6.5649201690707129
-3.4656220139720970
-2.3951932849991229
2.4670216769521618
-6.1938182077822255
0.1808401848304779
-10.6463952112669666
-10.2707355422798621
7.3490688681969205
8.5002812829049468
-2.0916565942543772
9.4495885573451446
4.3588016331743011
-4.7342130513787177
0.7939574160286655
-3.9608210931515719
-2.1954706568152984
-12.0433394679589298
-5.4856536445981865
-5.8243652116099964
-3.4593659391972578
-1.8737020585699646
-6.0942547871437149
10.4582196178734748
11.5016373230561015
-6.8694267995163045
3.4151144511188365
-9.7582334131300001
4.7477518587666889
-26.5296930825118125
-1.0723579821214768
9.9205742329777244
-9.2712699621504200
2.7295180649220390
-22.2174101025761104
10.6862301489037037
-0.6686556886390225
-8.6492030066658838
0.1533673325151987
12.6976712647841445
3.0929303728303985
1.5078876375072010
-7.5858100262868069
-4.0315740139543754
-7.5396759825634883
10.1960128509418482
12.8345104352118700
12.4329179636536136
-7.8527552257166757
-7.0061057739156123
-7.7417835006118532
2.1425216679390866
5.5711417177191400
-3.4432382008601294
10.1290912933752200
16.0525072081791045
1.6531054973363100
-6.9875178207558433
-4.4690676724606941
14.2318326865154940
4.6795085273592960
9.1593374900810378
3.3631009566892263
7.3869696993764880
10.4232642725430846
0.9874474611711577
6.6741824466910771
6.9540033769317322
6.5678038275788930
2.8909228355561067
0.5891315976107392
-3.9498122374363480
