%%
839
147
454
933
267
957
355
72
849
363
305
928
270
225
325
435
360
864
613
963
275
226
352
728
579
208
66
205
821
605
139
858
661
125
248
803
122
165
889
868
617
623
518
941
678
841
428
481
621
9
913
760
520
738
135
606
326
552
697
744
559
407
303
282
969
393
115
451
818
553
655
481
255
353
810
326
180
447
735
23
31
725
70
666
911
772
26
766
475
267
415
976
488
521
402
94
198
952
862
198
106
729
802
769
63
60
194
967
845
632
262
309
911
722
571
496
167
874
884
582
804
961
140
578
660
640
949
411
552
619
945
269
726
555
354
488
122
218
110
413
795
103
515
776
844
781
272
432
549
710
337
568
515
779
276
171
179
132
940
774
646
770
282
477
499
123
330
862
381
132
385
657
282
779
556
548
871
998
145
897
140
866
595
464
275
132
775
462
40
957
915
824
926
663
622
638
612
958
201
452
682
55
582
910
396
374
504
900
910
519
442
844
324
517
438
5
411
708
540
729
947
266
726
428
530
433
920
262
161
765
598
277
339
346
275
647
89
728
50
820
835
682
394
82
584
889
973
74
28
424
936
672
995
188
203
363
342
169
864
474
532
166
936
521
838
922
116
728
299
784
839
404
637
334
623
301
703
578
396
64
178
901
849
171
469
38
648
465
200
508
420
928
849
536
422
637
871
78
897
757
865
462
548
252
675
36
682
338
285
98
938
223
153
424
509
400
449
768
896
304
561
215
378
144
682
120
83
247
508
695
89
389
112
808
834
592
980
173
735
257
824
306
36
426
630
282
458
175
584
898
742
275
803
198
743
61
112
465
648
721
456
51
852
716
115
870
186
156
23
715
936
619
902
491
410
642
746
577
45
238
284
658
422
437
904
901
535
942
469
659
576
484
470
818
691
156
708
177
183
868
17
644
429
298
596
784
300
624
338
362
422
784
200
810
198
390
294
331
445
371
856
144
989
648
219
807
952
778
326
21
803
724
360
351
154
81
373
769
14
451
307
152
996
644
113
346
660
187
763
443
148
846
7
876
722
491
186
802
355
38
564
661
721
304
641
835
536
512
776
686
437
272
212
800
577
923
757
186
599
484
604
174
342
161
907
36
566
156
375
826
640
371
544
201
151
923
336
450
196
887
348
313
122
135
339
219
695
884
325
357
503
298
519
859
857
332
87
603
184
459
356
924
846
874
662
900
488
330
769
-2554
-705
-2270
-4
2080
-721
2335
-381
6
-1800
816
554
546
305
610
326
-482
1308
978
1835
-423
2680
2553
-277
3717
28
430
2678
-1692
-696
249
494
2590
-323
990
-788
3549
379
-805
-61
-2382
2613
-3501
3389
1405
614
73
515
2216
2933
3984
-2159
-3305
4030
563
-1708
-1399
-1324
950
3785
-1378
168
98
133
-221
1933
-1398
-3686
3170
-1665
4592
-2556
608
2534
-3280
-2969
3367
3223
917
949
-3764
2385
-1761
4805
1527
-1776
-2066
1041
-1986
1671
2486
-1631
2475
-2599
963
972
2881
-3838
3219
1215
389
3341
-3748
506
1799
-2248
3224
3353
214
-2357
664
1
2132
-1652
3205
-3293
2368
-2234
3694
1306
-1628
5118
-867
-385
3649
-2638
818
830
-516
496
168
3042
-1827
1450
1252
-3182
1309
-2269
3006
767
2217
-692
740
750
-544
1488
4102
-3756
2602
-397
-720
95
4049
-2047
2364
-1849
1331
-1112
40
82
2561
-2591
948
1360
-673
2372
1188
-1695
1
1022
-1361
3211
-1830
-895
589
835
367
-1792
1026
553
-3164
-2302
1753
-3425
4390
-796
-1887
-1236
5138
-1950
953
595
-2947
-67
709
-2186
3887
3475
-1418
4248
224
-2563
1811
69
-3678
3540
698
187
2322
-1084
2077
2448
-1353
3581
-2262
-987
-1679
3484
267
3398
2514
168
213
522
-1575
2944
-162
1351
-1923
1408
2518
1868
-267
-2270
2850
-44
2126
3623
65
990
3577
1772
-2034
-1004
-546
-2087
3285
-138
880
671
1766
1831
-1947
-965
426
580
-1029
583
-991
-274
3729
-55
-468
-1990
-1541
-1443
4272
-717
2322
1374
199
192
2678
3137
-3839
4817
-2215
1437
-1894
2366
3646
-537
-1932
1038
1721
3602
267
502
673
-1101
4217
-2654
-256
-757
3589
-522
-2955
2300
2890
-1486
1143
-2418
533
381
4458
-717
509
-200
1428
2814
-2732
-1807
3467
-1411
512
3070
2135
-851
196
585
2202
-1292
-332
-1346
-2377
1549
2518
1514
74
4498
2038
-2609
-2120
1820
237
666
2205
2174
-1861
-777
3823
-3591
2929
-769
1429
-1680
707
-1799
1959
916
540
519
-1499
2401
-1027
666
-2201
577
294
2173
898
-720
-636
1869
2504
-1598
787
274
1201
-682
-357
-1163
-1481
-2594
2700
-747
-1238
48
-1939
3202
1061
1122
511
943
1672
3723
3549
-2642
947
762
2132
-167
2250
-1402
-162
-506
-2652
-883
154
637
-380
-1512
-2529
3295
214
1755
1175
-2443
3314
676
-604
-1879
766
436
376
413
1896
-566
241
1381
1533
1025
-470
1100
-935
-1443
1071
2232
-491
-3076
857
809
1397
-1244
3118
325
3244
-1785
409
934
517
1437
2590
-2239
980
2865
156
175
1152
3236
344
292
-3219
467
2442
-1195
4220
-2448
2544
2319
-2902
3484
804
160
1630
-3174
-2072
3653
-1282
-1817
2893
3255
-3036
56
2210
-1907
-1290
-413
371
684
845
646
735
743
219
195
459
681
782
393
644
807
815
713
533
633
289
556
639
631
901
438
58
876
160
51
481
286
153
371
217
929
-2010
-461
-2546
1204
47
331
-2002
1999
-1132
4534
-276
3578
287
-613
2
457
3570
1283
3346
2591
2585
-153
-3431
2550
431
-2579
2799
-1193
1405
-1689
596
932
577
-2649
496
-1752
-763
-2368
5489
-727
-1425
3230
-1767
1027
-2212
-155
321
893
-1195
3539
-1169
1405
1896
-46
-2742
3033
1468
1828
3870
-1006
2181
-832
32
962
1739
-1168
461
3922
1000
622
361
2500
-1017
14
276
1008
-1806
2802
575
460
77
-2288
2236
-2755
-266
2209
-25
-1869
3468
2974
-1713
4290
-888
-1861
665
463
-2224
4426
-2191
3868
-2722
-1702
4231
3089
1213
-675
198
-3419
-2207
1112
955
157
-852
3133
-880
-1291
2670
266
536
-2496
2794
-1439
1755
2381
-418
2300
559
571
3195
-1026
-2984
3209
2385
1517
2189
3061
-2489
-242
-156
963
-1430
1661
583
753
3837
493
584
2316
-2838
-841
3375
1949
-937
4336
-2461
1367
3430
889
511
932
-4411
3748
-2440
3189
1730
1892
-769
2210
2056
778
895
4146
-1282
-1001
136
234
2842
4002
-1699
-801
2079
2346
2735
3119
-623
2007
2613
-2866
-2563
2258
801
693
2716
-3829
3735
3625
-1608
349
-2542
4240
-1548
226
1773
690
2718
2500
759
717
2462
44
2905
-435
3641
-884
1022
-841
1168
-1620
3988
1489
1208
-1861
463
578
3383
-2732
469
1971
1114
-1773
-288
3929
-1770
-741
-3286
-2089
-275
-1050
803
466
-3096
-829
1983
-1540
659
-2878
3762
35
1785
2335
2437
-795
-316
676
350
869
-2716
3975
-1226
5237
-2857
3673
2112
1540
-1882
1722
-4168
1958
-2181
1820
729
518
3646
-3060
3722
-3562
1451
-3235
2839
2596
1575
-2276
2627
1497
3419
-2286
689
493
-641
4834
-4014
4972
-43
964
-1165
-2372
870
-753
3050
-1261
2536
2835
903
246
-1070
-3003
3106
-1154
195
-842
1940
520
1620
2966
-2256
3611
-3700
-675
320
84
-1111
1266
3530
-751
5069
-471
1125
-1366
3552
-3141
-1994
2953
2267
1369
366
961
1704
-1551
2305
-351
-1936
2512
2863
1389
-33
4814
-2671
3076
-469
3274
753
151
-1948
-64
-658
3848
1831
829
-2796
-460
-1007
-394
-761
3205
-3644
-175
317
511
3830
-1682
4390
-1966
2474
3799
1643
-1480
-75
2800
2479
2333
556
376
57
100
3587
-1484
-181
2412
3230
-2409
-1120
118
1708
180
272
-2202
4687
2322
587
695
-1921
591
-398
3474
-84
957
-2812
1373
-1526
200
1560
1605
-1137
-2126
35
226
2635
3875
-937
1221
-428
-480
1834
1222
1187
4184
-3653
3145
2625
2622
4
253
258
1471
2979
-1899
1719
-392
-2045
-427
2032
-3868
3773
-2241
2744
-2133
663
50
1132
-782
-560
1650
3893
-927
3092
-1291
-230
347
428
-1188
2600
-1108
816
195
411
4518
-2122
713
3668
-964
2201
-1961
978
177
-1730
2116
212
135
254
345
239
521
181
810
353
410
565
480
497
868
732
673
998
164
944
930
199
747
706
186
501
580
264
790
216
195
210
847
491
350
856
368
1617
4383
-125
-1303
10
-2663
2836
-1338
1735
334
2209
818
-342
2435
478
966
-2460
-1939
-1189
2635
-2407
4246
1582
1522
2194
-816
1797
434
170
-805
525
713
4076
2646
-947
-291
-1633
-189
-341
3896
111
1688
176
-1714
4881
-1485
257
525
-2102
-2444
1203
4338
2609
-1220
-1418
-3242
1541
-2135
680
2702
-1901
132
447
786
1843
-2046
-706
-3594
-2532
4806
-441
4087
1781
2964
-2780
3963
-1074
4290
53
550
3523
2804
2977
1470
1393
-3157
-1889
-2573
-3625
2711
-2701
2908
-1016
-1142
787
1
836
-1646
-682
-668
3472
1082
-1611
2730
1991
1697
2256
351
2716
724
187
473
118
-535
972
743
1258
4046
435
-2474
-2105
-1195
-1859
3835
-2800
-1025
396
755
-1373
2122
2087
-3137
-1375
-1384
-2642
3147
796
3336
3220
-3249
4164
1500
531
79
-1750
-1357
1635
470
538
-1931
-1353
-388
2765
-3453
2391
-2218
1165
-71
732
579
943
-395
1853
1003
2879
17
1411
1919
465
-1507
4058
-2573
-543
-1210
804
156
1743
-2009
1389
-177
1966
618
4170
-3053
-566
3962
-1272
2877
-72
2014
731
330
-415
3082
64
-3074
-1995
-2016
-208
-1836
964
-581
527
-887
-766
980
921
569
-1426
-1155
285
353
1455
-735
-634
162
1926
446
-944
-2217
1324
-984
983
79
-806
2296
356
3842
-1925
389
309
-768
2044
726
650
1872
964
-127
998
771
2925
1296
-829
47
-825
4160
-1494
-422
2355
-314
2638
2404
-2281
2410
679
964
1773
658
3564
350
-458
300
-2773
726
2792
-913
1707
2285
-943
-1915
901
462
-2738
4647
-2163
-1459
-1286
1731
300
2437
407
2893
2037
-1810
-404
306
82
246
3412
-3404
4564
640
-3479
5065
-854
-1034
4039
-1106
-3024
2726
552
-2643
726
81
2022
5140
-2543
118
5305
-3357
-534
-1449
-452
-1687
3482
1127
3438
3984
668
826
402
7
-1828
-1136
-3209
3127
3825
2030
-2275
-217
1753
-2130
-2309
-2291
711
62
-2414
2061
1278
2034
521
734
-665
-2353
1041
2271
-947
1797
-2609
3470
25
452
2994
-662
-279
-473
-1686
2437
1549
518
-753
3342
-1193
922
3689
2904
42
49
-2276
-1521
-90
1375
-1170
2226
-794
359
-67
24
-1876
-2031
1496
-2903
25
918
-355
4192
-2583
1166
-1874
-2153
-1532
2610
-967
784
2755
3584
-3463
2819
692
183
2752
750
1202
-2774
1989
2471
2388
-65
-1706
3391
549
3385
-2755
4355
284
280
2612
-3299
3455
-1736
1302
1379
835
-960
179
-1875
1645
-3159
3264
-2842
765
115
2294
1811
-3159
1502
-1084
2298
-2757
2211
-834
2295
2029
3464
430
-1198
403
74
624
-1171
1746
-3353
-2430
2385
2572
-716
3027
2909
-2552
-2120
1240
-667
473
562
3403
-2371
1024
3083
628
3030
-1199
-839
1518
-3182
-1400
2435
2695
360
862
548
692
940
33
121
207
191
625
559
290
954
980
862
53
218
284
607
91
838
154
900
117
135
128
746
650
749
372
781
575
790
740
596
4363
-3345
2977
2426
2963
1154
1211
1171
246
283
-2856
-178
1563
2731
363
432
1132
555
-2695
2790
-3098
1610
995
-1257
-2188
1795
2383
2409
-1376
525
956
753
-1602
-948
-242
308
4831
1028
-1826
2719
138
3013
918
3122
1959
-3052
860
464
3077
1744
236
-2675
-2367
924
0
1047
-1245
-2634
3213
-3054
387
4618
217
362
175
3789
-377
2732
3418
-685
4123
-2087
1987
2174
-2038
-711
573
-638
651
198
1032
607
1787
2714
-1416
3973
3861
1759
3255
159
2841
-1580
3484
-2757
430
704
-524
-1114
32
-693
-1877
1439
-2053
380
369
-753
917
-2044
2027
4621
49
354
1827
-1940
-1587
3182
-1476
-605
2626
271
2693
1455
1931
47
3325
1251
320
425
-60
3359
3978
-708
3136
-1392
2333
-1880
-1753
2974
-166
2412
-1393
-897
792
313
4059
-1881
-3307
4180
-3366
3821
1738
-919
621
403
708
2799
-542
-1541
451
176
3996
2906
-3131
2346
3445
-971
-1783
-832
1099
-1104
-498
-1569
4460
839
778
496
-2648
-1501
1452
-1312
-3271
1391
-2989
2259
1130
-2047
2334
2715
-3571
869
706
857
2729
53
-294
3723
3098
2445
4686
-2516
309
1627
1645
997
1526
1423
63
618
4032
-1687
766
-992
1025
4229
-824
266
3432
-818
-2091
3257
-2682
3788
432
323
3218
-2120
1308
2930
-2404
-1713
1490
1000
-2848
-3225
3482
900
1224
2169
360
765
-1443
-249
628
-1436
523
3882
-3166
2446
2645
4139
-3358
-2250
2408
-2177
962
29
-1383
-2284
1892
-1461
3619
-1915
2776
2231
-3175
388
1966
1296
-529
1372
987
151
-1459
2373
-445
3975
820
478
-2964
3691
-293
1793
1479
-870
138
-2225
735
321
989
-922
1480
-2587
4624
-3780
1521
794
2344
-2366
1482
3923
-1579
-656
287
942
-1237
-442
432
1160
-3858
5057
2930
-1950
951
732
2683
765
-677
718
619
81
2990
-3439
992
2106
954
-2460
-3558
3102
-84
-2363
-53
4049
-238
1964
492
99
2896
1194
351
539
2612
2210
311
556
-1506
3979
-843
779
-630
-828
969
501
-4154
2970
582
3081
-2190
1529
-1986
3050
722
-1030
1861
3212
-3305
2457
973
99
5285
685
1506
267
55
87
66
2974
2084
-2402
-137
-2235
-774
1735
431
821
252
1310
-1638
4449
-706
3296
2863
777
1689
-406
1173
2732
2817
-3049
173
181
240
2939
-528
-153
-976
-104
1841
1599
-638
-1027
-1267
-153
1007
2229
301
848
-2041
-3094
2737
1945
3058
-245
2327
518
2892
2597
-577
2163
1336
-1887
776
861
-308
1966
1377
977
-2549
890
-3041
1964
713
285
1885
595
-2443
-921
538
270
-2350
1369
1333
3659
120
2425
2540
2550
-862
847
1839
885
2348
2865
122
658
-3381
3431
2471
1716
-1353
796
1541
3269
-3357
3889
2784
-2111
2534
661
739
225
352
407
762
142
124
735
963
55
944
380
817
848
174
677
97
166
707
305
677
727
464
197
856
369
906
3
964
462
446
455
736
343
-2796
3805
-190
-3650
4201
-3018
2905
2414
2473
-359
3179
-1989
3251
-2232
596
787
1187
-78
2108
45
3184
-497
-3345
4771
-122
3090
-1988
1964
-768
5380
190
21
1225
2802
3728
-1405
-1616
2683
-852
-2246
-483
-2851
2663
1552
-1753
-1592
153
806
-1126
2579
-3078
3212
-2653
3235
3871
-2708
3326
1195
-1135
3150
-201
95
854
110
1061
-586
-1356
2487
3924
2604
-3336
3458
-3292
-114
2190
1867
10
-1088
307
834
-1593
-2977
152
-1242
-472
-1803
-1763
3321
1719
-2775
-1461
1796
770
-1088
511
336
927
4548
-1478
-1960
372
611
-2022
-731
-3183
-441
776
1443
-3221
-239
838
670
3087
-1577
3166
3986
-981
-1010
-1172
3492
1090
3589
-3264
2586
-371
-3363
987
934
1584
-408
458
-68
-2498
548
2339
1773
1863
2359
-1526
-2407
-278
267
144
39
-423
1841
2263
-880
3917
1727
695
845
-3055
-534
1372
1177
233
821
881
938
-1052
-892
3897
707
-634
-2302
1634
382
1702
151
2326
-604
-1861
-1575
379
19
2026
3093
-3412
3764
735
-439
2363
918
1293
-1178
791
2978
2806
1607
591
750
-413
2493
-2004
-2938
3533
259
-562
1837
-933
1380
-2443
-2062
-2324
3272
440
616
-3717
762
903
3687
140
-2243
-1837
715
-1651
828
3411
3088
-2820
-321
966
841
99
1944
2158
-1253
3398
1405
-1043
2932
1706
3215
-407
-465
2917
-541
443
743
2262
1927
-1129
-1225
701
-1131
3379
1085
-324
-3391
1777
-18
-314
1371
691
163
3135
640
-1996
-44
1592
2401
-1900
-2780
3711
-452
-1354
3457
-391
-2257
499
630
2918
716
733
-1508
396
1317
-28
-373
-942
-663
-187
1279
3120
1696
559
539
-2369
130
-2715
2736
1499
2600
271
1949
1528
-1421
2039
-903
-2596
1776
481
278
551
4357
-2063
-690
2931
-3107
854
2512
1194
570
1166
-2140
1343
-1043
892
84
2162
3156
-417
-138
-3092
2889
1046
2780
-2651
1168
148
-658
2181
-50
155
731
792
-1553
298
-753
3553
-2470
1669
2735
-184
-2243
3405
-1800
-404
2124
160
991
2023
2299
2027
816
-1092
1814
-1166
2535
-3382
2132
-2433
-217
3839
-336
920
242
-2470
-1572
446
-2822
152
-1573
-1588
-1916
2367
3127
-1011
2599
2154
-1457
936
381
1900
393
924
-1979
3813
3086
1773
-2624
1710
2124
1578
-2820
-628
4244
666
268
-2036
3009
-36
-868
1938
-2591
-322
3559
3893
-142
-2089
2668
-1585
-1104
270
480
3452
2259
769
3043
-1259
949
248
1959
-3446
4658
-1267
3950
-462
683
692
213
-3314
589
1929
-1012
2151
2595
-1600
2893
1147
-2989
-734
1005
117
-864
142
927
2495
-2776
3789
-2147
-2862
3039
-3566
1234
2610
494
-203
2782
-2137
-2202
336
101
3337
-924
-1519
-246
1766
562
3547
-2324
-1759
3746
-1925
-1987
762
3293
356
12
569
673
889
127
301
758
254
519
992
5
219
789
959
335
334
716
360
522
751
971
250
299
965
140
25
91
360
988
849
909
782
727
1545
883
2964
-393
19
276
-1246
-1481
-541
1263
-770
-2781
-1883
-1583
782
631
1659
-2920
-505
3087
2719
-167
4832
-2324
1882
702
2604
2335
2210
-2372
722
324
4495
-2459
992
661
273
571
-1950
-1113
2682
-1257
1012
152
-1050
2167
490
73
-2497
2623
322
-292
-528
-2126
1432
1265
2672
-2049
-1051
1412
2697
-2256
418
605
1626
2628
1279
1344
-3019
-7
-1823
-860
-1024
3736
-3282
504
1302
4135
354
421
1485
2499
2098
2380
2715
-826
1207
1116
-707
4276
-1444
2290
2760
-2972
53
782
-415
-2275
4472
154
-2019
4352
3075
2104
2048
362
2858
662
797
3638
437
61
3835
-3113
-1212
-3010
2689
-706
1905
-1165
3065
-1075
558
1588
3147
3228
394
699
-1271
2486
2484
-1466
-1877
1836
-1634
-1877
-1329
1432
-2497
3287
-3185
2080
503
453
-1477
-996
-767
1418
2656
1722
1914
-1135
2917
2713
-433
3345
3287
1334
168
276
723
-696
1089
1198
-1927
-725
1777
611
-4470
2862
-883
-2845
-1149
3560
258
805
-1247
2621
1388
-2868
2988
-1261
2652
-2800
4021
177
-2618
2552
-1136
-457
168
597
1627
526
-57
2413
162
82
143
2314
312
1872
3336
3317
81
-2466
752
835
3177
-1702
-2262
-2004
4271
-2329
-453
2415
2754
-3431
638
726
1048
1889
916
517
2799
1192
1000
3414
-3868
2788
2046
3166
1692
3841
-312
273
-1346
2142
973
593
-3570
3182
3300
1674
3286
-2253
103
-2649
-594
426
1624
-2990
2866
-71
636
466
-610
-3072
1919
-2547
3818
-1919
416
660
2783
451
-94
2144
485
2860
255
37
2824
261
-1740
1274
201
2360
-1395
-328
1264
837
-156
-563
-184
628
641
447
2774
2108
3357
-960
-1274
-1168
-222
979
1732
-1734
3377
-2530
2716
-2200
223
28
-427
-2629
970
2793
-2243
3043
4084
-2780
4041
-1861
-672
4581
-1705
3029
246
511
958
2304
3224
-2387
4103
2243
-937
104
-626
-1314
2452
-1728
-32
2571
529
823
-3806
2745
196
366
1310
1747
-2435
1953
1330
-240
1558
-1784
54
3915
638
318
3343
1160
-1358
105
1528
517
1181
-1315
1840
66
663
106
1414
-2232
221
222
-2695
2814
3066
3481
-721
2278
-1612
2742
1673
1528
2516
-172
1893
842
646
979
271
2525
1154
132
-1492
-2561
1686
-1928
2444
-2410
2388
-1493
597
-3645
839
157
-850
1555
-402
2275
3655
1406
-2126
-1634
-2476
2639
596
2730
1957
4167
719
740
3593
-136
2399
2484
-2556
-1135
-48
1401
-1082
-2505
461
-2981
-248
-1184
562
216
1032
1710
2245
-2501
1095
-2850
-2163
1815
2669
-928
-942
4143
-2604
2588
76
708
1820
1642
-1079
681
439
3618
2061
2741
-2378
982
-1545
3028
2969
4153
481
133
3629
675
-3599
3435
1919
-3356
285
-786
1469
2606
-2837
2322
-2586
-1688
947
695
565
558
928
285
325
923
614
306
62
504
648
5
767
546
197
941
134
591
464
169
962
785
434
409
301
104
646
839
670
884
878
59
3025
124
-2088
757
-324
513
-432
4403
-2604
3403
584
264
-210
-1826
325
94
403
768
3680
-1376
-1717
401
-1885
-756
4408
3458
-956
-899
-1447
255
836
54
-1160
21
-1294
2081
-2285
2430
-2874
4089
-2519
-2481
798
2449
-124
-1020
924
393
4826
-1771
-2679
4083
-1406
584
3203
-3232
1991
3373
1895
-2296
2535
444
670
710
-1388
674
1751
-3839
2735
-2439
-833
3577
1505
-3796
4931
-2854
1302
-558
978
392
-826
110
2035
2546
2381
2112
993
877
3538
-652
-1209
2556
-1
3477
392
21
-2118
3924
-1474
-1999
-320
-2242
586
1917
-2406
-1079
3448
-93
-791
-3354
538
363
2955
2277
2834
3236
3636
-2454
614
2136
902
-1413
-2144
1737
1453
998
94
233
1695
-2076
-2151
3272
2084
307
2573
821
-555
1678
2374
-2118
-2060
612
262
335
-2131
4480
-1746
-2323
-478
-2345
10
1258
3352
-2241
2884
957
-1183
-924
765
702
1003
-2585
-38
3572
362
770
-1811
1001
2968
1312
2653
2895
-1390
3719
709
669
697
2724
-443
1597
-1454
-1845
925
2724
3083
-1804
2632
924
134
-1882
781
948
-3374
274
63
-720
-360
1135
-2491
596
-3485
3794
93
-909
2468
270
889
921
1788
30
2811
-2488
3034
-1110
2392
-2941
312
1736
-2292
-2042
2520
1062
242
525
-4292
265
-891
-2180
-1377
2383
1753
-2285
449
-2823
4418
-1494
882
1408
922
940
3907
2163
-917
1716
3397
-2647
4137
-1711
3161
996
-337
581
2685
-3317
673
563
-1690
2486
-1497
413
-3415
1961
-986
1401
3199
-485
-935
3635
-1641
3238
93
247
-1033
-1567
836
1552
3299
-2218
3828
-1758
-2549
-2088
1109
-88
-1005
1193
757
834
3152
-1644
3241
2683
-556
-562
392
-1017
1177
37
2148
3520
1384
4294
302
75
-1187
-987
-537
-2319
830
292
-1723
89
1520
-888
-60
-1652
-1819
352
216
80
-640
1710
-2169
3533
-2340
2555
1547
-575
1564
1720
-1206
1426
1635
-921
887
201
-1133
-1441
1936
-571
1912
-156
-2236
3390
1513
-660
-541
2829
1250
-1090
633
101
4537
3970
-2966
3564
3329
-2043
-514
2236
-312
-464
-1527
1243
-2870
-60
487
734
-2243
-295
-1612
-2364
933
-982
-7
-4062
2613
-1186
651
3031
1633
3080
213
111
2979
1606
-878
-1265
2922
-929
2947
3486
-1894
2583
617
3091
2820
415
965
277
-2129
365
-1461
996
-2164
346
2422
4166
25
-31
-1362
-2575
-74
-4281
980
689
-1723
-1667
-2815
2889
-171
4168
-3051
-2472
-1535
4296
-162
-558
1340
3778
314
459
3570
-2596
-732
2752
787
1551
2692
-143
549
2890
-1574
-2513
3891
-2648
839
312
-1986
-721
-301
2797
1394
-3784
3365
-538
-1337
3289
1444
280
1808
-2134
317
914
-3062
2834
3388
969
642
2232
193
-1245
112
-643
2633
-2430
-1272
2950
658
537
491
513
46
635
414
997
78
147
616
894
195
857
703
622
147
118
533
984
672
242
680
106
134
319
8
144
83
898
546
198
351
525
1039
-258
1080
1689
168
364
2746
-2430
-249
1539
1216
1860
994
3903
445
710
-461
2410
-1901
-1208
2813
-1422
-906
2590
-2655
-730
3616
-1315
1627
-918
427
402
3138
-1179
999
-3188
2718
3448
2881
1895
-684
-155
-96
2578
-1166
2093
65
840
-4611
-14
4558
1087
1853
1994
-499
-918
-981
-1065
345
-2751
4189
-1807
294
279
4396
-268
1355
2948
1847
-1965
-297
2916
-1691
4937
-1872
3381
-3636
-92
547
708
3205
486
-2213
-373
-1729
4048
-2365
799
2878
711
3135
-942
364
657
342
88
558
2568
-1040
-86
-1505
2932
-1867
2252
-3009
-1556
3465
-1603
3245
1926
472
291
1245
-145
520
-1876
-2460
564
2124
494
3063
-545
-2491
2025
-3361
3988
616
841
2035
-1048
4106
-1566
5055
-2898
-182
-2914
180
3802
3830
-995
4116
-2650
192
956
1911
-2632
2619
4483
-894
1794
2561
481
1069
-2262
-878
-2427
-189
-841
49
798
-2232
1762
343
-2584
-908
-2373
2345
3515
-2644
1600
-1312
3133
2992
-909
662
490
1748
1936
1863
1044
2412
3282
3777
-1347
-2680
-165
3644
109
3135
2043
441
872
760
-1050
3772
702
-1329
3145
-1758
-1854
3195
-1555
-2620
1807
-1723
-1091
888
563
263
1985
-3861
2748
1953
-900
2840
1688
1909
832
4543
-1743
991
2994
804
351
3495
2757
912
-1078
1710
-1511
-1911
3245
-1557
1046
-1397
2492
-1352
-3053
521
425
1346
-3691
632
939
824
4033
1336
2806
-90
466
-2228
3891
-2035
3985
69
599
1179
3484
2989
-503
-493
610
-936
-1601
-2012
-2434
194
-40
3903
-1196
742
417
-2812
1874
-756
2728
-2406
-1167
2945
-1098
3329
3291
1340
-570
253
1536
13
165
-1824
3231
-12
1055
1183
-2153
1051
3709
-1975
1616
-2370
2352
2567
-1620
218
670
-141
250
1813
417
2384
2044
4225
-3346
3090
3323
-429
-318
1672
-190
64
574
3141
292
3418
-2701
-1863
-1678
-1336
-114
1168
3741
-1715
-2381
-1736
1102
476
183
3179
525
-2735
757
3555
3180
220
-1489
3462
803
-42
2624
3996
-2514
397
911
-4290
-2227
4115
-3230
-3444
4013
1352
2115
-797
-1288
267
-510
-2103
238
97
877
2934
1128
-2263
2742
3560
708
3260
2874
-1180
2509
1052
-423
545
3403
799
722
1603
3326
-359
1290
-1445
302
542
-433
465
-2702
-260
-23
2118
-2637
666
293
485
-1988
3830
-1676
150
-1268
1406
-1761
1748
-459
3107
1100
595
5337
249
368
3299
1550
3592
-1874
653
-609
3551
-414
2748
1055
1276
770
-1687
-2933
942
865
-1510
2074
3328
-2146
306
1256
-483
2709
2385
-3687
1867
998
-3456
4854
343
688
24
2421
1948
3526
-1546
3777
-3084
3545
-1577
2815
-234
-1119
3987
-1575
606
592
767
94
-1532
-1274
-1947
-15
2695
373
-664
679
1280
2083
1288
3225
600
404
939
721
472
348
69
92
744
136
137
906
844
554
993
756
362
394
816
938
299
192
385
86
322
526
528
489
80
243
343
96
252
354
-1937
352
1497
1551
-1213
1571
-1622
4952
-2181
1842
1593
1735
-1872
-125
170
736
2290
1656
2555
-166
29
-1613
-29
230
2914
3521
-3512
-1907
170
433
173
942
-1601
356
199
4466
-1965
-1962
-814
230
650
-469
2480
574
3283
2887
623
448
4306
2251
-2557
-881
-1026
1871
1221
375
333
3398
-1220
-2220
1122
-2520
244
824
86
-1345
-2012
2809
-300
2769
926
1298
2246
-3454
3040
2265
3722
2266
817
968
-2436
-949
2105
-1844
2522
2064
-237
-1816
1792
1033
358
1623
-3121
1148
144
980
-2231
2914
-832
83
4491
-2523
2733
1438
1276
-2562
-547
3485
1153
2299
170
102
2353
-597
1785
-49
2799
-1938
2689
-2167
2273
2839
118
-2475
565
768
658
297
1095
-13
-1626
4051
-3269
2553
3168
3335
33
-460
-1487
298
3161
675
295
366
-300
-146
-1307
-1791
-365
1590
-547
-2734
-1752
1733
-2937
376
723
-756
345
948
945
1174
1170
-69
3884
1884
593
1208
729
1496
3643
-792
1024
2213
70
48
-377
942
617
2962
-1513
289
-3832
3417
1622
-69
-1583
445
-211
-677
101
332
2065
-1592
1627
-2213
4468
-1531
4738
-913
3054
-1970
-675
-3359
4255
-1233
380
658
-1782
1282
2803
2116
-3165
565
-1641
3399
563
241
2285
3181
-2322
3645
161
987
-1500
-645
175
2556
-1629
-142
-2289
275
2837
-481
33
-2101
-643
530
408
949
2873
246
2605
761
617
-759
1099
29
-700
602
-266
-2028
3927
1462
633
946
2489
-3831
3290
-1294
4323
-2361
2564
1425
-1944
4512
-1487
3883
-3903
1720
129
545
3263
-271
-77
-2353
-2422
4330
1142
2440
2754
-2412
3187
-1933
2073
2761
370
6
3504
177
2743
1085
1810
-1136
1729
-1635
1703
3989
-1385
3442
292
-870
432
383
-1873
-1881
879
3334
-2821
-2160
-2335
3410
473
-513
-1007
-1010
-1145
-1096
953
51
2160
-1482
2549
3692
2129
2542
3703
-2568
-913
-1947
445
3850
955
-2478
619
596
-1315
3897
-798
-2296
-2354
2547
-3711
2844
423
78
2111
3145
-3756
2925
980
45
2771
-1965
-1420
3962
207
-2015
3216
-1363
-1174
-222
-2340
1619
2063
1157
855
623
3475
-1453
59
3593
-768
218
-1923
1089
-1910
4204
-831
-1072
-81
-3726
753
771
-3196
-936
2659
-1387
1682
-1530
1408
880
1491
2271
2962
530
349
132
493
468
613
1573
-3078
-512
-2599
3177
150
1831
-2358
1424
-603
-722
-999
-2880
675
113
-3288
3986
28
-1446
-416
522
1115
3689
-1375
2971
3313
-1288
-786
4775
251
129
643
-2893
-166
4366
-2824
3429
664
-1225
-2673
1575
-1976
2360
2111
-3908
805
527
-504
-21
-498
-2433
3303
556
1171
-1634
4231
-2593
3697
303
-2731
2831
938
298
1088
2242
1987
-2756
3180
218
-1514
-1896
3817
1151
-2224
160
334
-2353
166
697
1
441
357
277
587
640
164
298
328
234
584
35
154
436
755
789
476
237
618
673
196
713
183
468
382
803
741
550
990
247
378
660
1570
2962
2220
-2319
-592
2691
2472
-1158
286
-606
-3099
3962
-2709
4230
921
63
954
-1911
2331
2566
3189
-488
-756
348
2555
2518
2909
-701
1138
2806
253
630
1969
1014
-786
348
1569
2591
543
-1704
-2615
-947
1462
1598
-1857
-281
836
685
-4319
-309
3517
-1132
-3020
1063
2059
313
913
-2783
2884
1661
2648
2566
460
8
3606
110
3436
-978
4515
-3048
-1080
2086
-2023
1572
368
-816
29
433
844
84
1323
366
773
-2468
1331
602
-1514
-980
4102
-1577
-2923
1300
-1799
-1054
488
463
-2153
-802
-1978
4408
-3820
1534
-3145
4194
-1093
3990
915
-1747
2263
191
614
452
-378
-1264
2584
-589
1110
255
50
-2692
1216
-3053
2764
1410
-553
-1470
12
607
-983
2001
-1195
2725
-2442
699
-1552
2004
3709
-404
3310
-1287
-630
-2989
619
93
99
-2862
4079
-2653
5025
-734
-2036
2642
-3043
-1206
3480
-843
2851
2462
372
314
-148
4010
-3483
3932
-2431
2878
-664
-1878
3899
-650
2581
1965
1770
1076
369
945
1217
-3424
1098
1846
-491
3720
-149
-1443
-3485
3336
2326
-785
1274
87
754
455
-2181
1760
753
455
2948
-1579
-19
2975
1898
773
3218
1017
388
-3068
601
429
-685
2364
1095
3734
-506
4601
-2692
415
-571
-1650
2169
3029
-4115
4476
815
290
-942
2993
2741
-3227
-469
-2326
2508
1123
-209
2842
-1208
1943
3860
-2799
580
659
1222
-2209
1930
-2923
2055
156
3523
714
2474
2094
-1257
1484
-881
-761
393
176
-53
2200
3058
-792
-2752
4765
-3242
176
-545
1946
-3021
1325
3892
-2516
67
53
-1653
3222
-1940
2400
2935
637
-1797
-311
2754
-2704
2807
1394
-774
940
55
54
425
-3202
1980
1191
2622
-2086
-1497
1924
3043
-3032
-206
950
448
-823
501
65
2916
1048
3623
-2622
2434
4919
-2860
3198
-880
1360
1566
-1669
-513
-2091
809
332
-1409
53
-2964
-1996
-1301
-698
871
-2311
2467
2684
3058
471
1402
3766
449
210
-2370
1320
3292
209
4781
-3546
2242
2970
-3521
-1264
1271
-140
162
2650
283
433
2240
3783
520
86
-3625
3253
-884
2792
3192
-758
3235
-2233
-2713
251
982
534
3043
-2369
-785
-1953
3748
-1939
3518
-1643
2920
-1899
2500
-1569
2982
3155
910
336
2706
-64
-1652
-1339
3361
1112
-3005
-1213
1845
-1408
-451
2578
-3355
1133
845
55
-1051
2527
2032
4320
2895
-1577
77
-1891
194
-1253
2393
1679
4729
-362
167
769
3684
-1301
3419
-926
2868
-137
2620
-39
184
-688
134
1051
-361
1687
422
557
3476
-439
-422
2415
-1959
3147
-2444
-97
3672
-1382
-485
-528
3470
-3086
946
623
-714
1755
2366
-2402
4360
-2855
-1524
3198
-3175
2748
157
-2943
2596
3177
447
129
2566
-2065
-64
3446
-591
279
-1472
1638
330
-3388
3532
795
3468
-2505
84
363
475
640
619
801
511
22
307
912
115
666
707
138
304
845
136
802
197
445
574
396
173
700
894
32
332
617
194
428
122
267
856
110
148
2168
531
-1402
4838
172
2716
2417
-228
-819
138
-2517
4608
-1871
251
250
2336
308
2208
3757
-3786
3567
2138
-2121
-2224
2142
832
2150
-156
-2992
892
329
-2195
531
-2215
-1908
-1034
1181
-1402
4466
2263
-305
-1636
542
3122
-2504
896
547
3942
2638
2769
1645
3848
752
-2428
-19
2791
2681
-2986
-2500
3195
3197
673
599
2584
-3178
-1220
-2616
1875
473
-1261
-373
-2148
-616
1560
738
2551
-726
917
24
3350
2110
2102
3658
-2544
104
3219
-1573
1439
1772
3445
996
-2474
1854
937
588
3397
-2586
950
2246
2912
698
3754
3364
1363
1723
-2670
1340
1171
1819
974
380
2518
2932
-3363
2467
392
1999
-819
423
-1611
-2168
-616
1032
1417
3295
277
732
394
-2293
2726
-2530
1416
-862
-2075
422
-2706
2721
2439
-1548
1524
2249
712
743
1442
-964
2716
4031
907
-2479
4315
1279
4811
-2708
2040
236
2857
844
354
714
-2404
3893
-2068
1236
-2204
-2143
2153
2350
-3160
3492
-2463
1068
694
388
271
789
3691
303
-763
127
480
2767
-3183
2256
1573
-197
-3085
2501
2009
-3138
824
563
-1020
3324
412
230
-1828
-1589
4641
-2973
2089
-530
-1012
2226
1452
2207
19
167
4660
-3301
-1921
-1544
116
1986
-2147
1379
-1619
2356
-1391
281
3477
-931
948
924
1691
-2876
3684
832
3520
1931
2857
-1967
2875
1418
-2045
1892
-2800
1489
440
437
42
3297
-2871
3249
2157
757
499
-1311
-2441
1516
3293
-2084
881
3990
275
465
1974
1057
-1983
1909
798
-3498
1866
2915
3092
1292
3707
-2935
-1411
3065
448
548
75
-3123
2756
-852
1816
363
1309
-432
-2498
120
-3014
4362
-85
-2821
682
547
-108
2610
-1622
-3127
2613
3876
412
-1421
-393
929
4065
-1478
1711
1212
330
258
1004
-688
2281
-1162
-884
-3309
2578
3332
-786
229
-923
-732
-1290
-887
731
913
2452
2898
649
4273
-815
-1321
2807
-1090
3092
1753
-1895
-1029
2907
11
320
779
-720
-517
-341
-2341
1699
1946
-1747
-2512
2372
-315
-2805
3506
-1289
1300
929
705
-2730
637
145
2616
3331
-2966
1669
1309
-2302
3884
2275
3866
-40
2806
413
497
-980
3341
-1224
1947
-1487
-995
1760
-456
1496
-63
-2043
401
3448
-388
165
740
-2813
4288
-731
3284
-35
2138
3025
1184
939
2923
1068
362
486
-2256
878
424
-765
502
272
-2359
-1824
2682
-353
2958
-945
3339
503
3023
-3869
-273
222
387
-2416
4164
-2620
445
3289
-915
3469
799
490
-1755
-149
-3485
5267
785
100
306
-46
2541
-153
3039
3427
-404
-2176
-1879
2040
3257
-955
3669
-3635
2283
403
518
-1649
-2359
-739
4246
-1479
2773
3002
92
-1581
1648
19
-1175
3664
576
967
805
-1145
2293
3102
-576
-249
-2094
4104
87
-373
1005
1237
1783
1415
2088
96
672
667
862
32
513
432
14
918
473
683
495
752
331
456
162
528
462
607
533
219
114
948
779
9
966
396
591
78
347
658
716
266
210
-1378
-1012
-1452
1214
-2390
-1459
200
-679
-61
-1685
3016
1683
-221
-1809
380
385
-1746
1139
3172
408
1292
-2464
-1974
-1665
1248
-1131
2492
-2167
1446
4585
50
995
303
3876
-2507
1055
3085
2821
3254
-3927
3679
3638
1197
3529
110
3986
20
95
-2304
1712
1645
-951
-2261
-1254
1664
4719
-2236
-3626
4787
2589
-3516
-1203
436
315
-1082
-700
1343
-827
60
1594
1681
-2299
1183
278
-2503
169
-1739
1298
704
959
-2181
-25
314
926
511
-2981
2067
3932
2240
-1633
1100
-1944
-1231
-3030
876
791
122
2030
567
-3263
2127
518
-776
-2701
-1610
1863
-1338
1620
-134
320
84
117
-333
684
4699
-1846
-2075
1826
-1093
3174
2165
2761
92
1800
-3001
2885
275
482
2634
952
-4123
4609
219
-589
3189
-1506
-515
2798
-2254
-2237
2924
-732
211
314
-2222
3460
1505
-1504
-56
3289
270
1947
-104
2126
3084
784
-2898
1960
548
838
-1305
2807
-1119
394
230
2454
-1410
-2025
1239
418
64
-997
-473
-60
115
933
-654
734
2952
1354
-796
1563
4278
-2034
-3079
3449
567
4018
-2193
3686
235
686
3169
-3172
3196
-1949
1417
-147
917
2220
2335
-2726
1118
-3403
4093
153
251
259
-1777
4313
3052
1765
-2769
389
3032
1236
2595
-1813
3364
3182
-3008
-901
42
541
-2104
1189
94
-413
-290
1658
-3290
87
209
-1470
-2673
3056
3758
1462
74
506
3748
268
691
-10
1946
1111
1415
3138
-2089
1076
3462
-3931
3041
-2454
240
678
-1363
2752
-1673
109
-558
-1484
841
-1312
4390
-3991
3209
4541
-1654
873
419
256
1828
1245
2024
-1933
562
3600
1054
644
-1324
2364
657
-3709
1815
4509
76
540
1839
-1562
964
3793
1733
-1259
485
-1501
4597
23
1340
2400
1280
424
925
439
-2297
-716
3410
-1785
3079
3348
990
730
-3864
3631
3059
348
1575
290
37
703
1687
1336
-1545
1434
1329
3586
-3310
2607
2485
768
-847
3614
-1893
-1279
960
635
-896
1187
-547
2959
1757
-3048
4464
460
-2493
4187
1878
-1340
-610
4131
245
283
1398
2883
-1381
3373
-306
2115
1059
-1557
483
-864
-2518
-1723
2438
1915
316
726
1178
1655
1645
1699
1773
-1480
2651
-173
554
3152
-700
2001
-3432
1495
126
92
3766
-2072
-794
-2708
629
2535
-411
-711
-1478
-300
2737
735
2263
2891
841
145
-1719
1547
20
-80
-1528
1635
-405
3372
-1550
-1442
-331
2158
4463
-2012
53
536
4101
-2751
-1999
-1099
1267
248
-96
-755
3568
-2400
923
-579
-2820
505
733
10
-2018
313
3556
-1694
-2068
284
-2418
3050
2316
631
-95
518
452
2623
141
563
3310
2720
-2623
-1044
2928
-2011
337
2935
-1087
-625
595
-102
-2748
-677
608
807
-1935
-1994
3151
-2774
-145
505
-209
1817
3617
-3277
1756
1982
-441
3837
43
733
731
314
998
839
724
248
339
130
349
645
813
958
757
659
224
451
986
878
591
578
77
629
291
869
743
712
873
756
643
596
613
825
-693
1117
-744
4407
-2486
4066
-1949
1693
2713
1642
-2051
3044
2393
-274
30
478
3156
1194
-354
-426
1752
3381
-1099
2645
-3622
3406
549
23
-2316
-31
33
262
389
-1072
-1036
1655
-1220
1605
2606
3235
-726
241
-1096
-1656
75
-1634
731
63
4837
-144
1341
-1522
-749
-2158
-1502
-2407
1616
1349
734
360
3292
-1014
289
611
-647
-987
2748
-1524
2758
-827
2372
-1234
2889
2376
-1550
870
3350
-1759
818
780
-18
3320
2148
2214
-1931
2043
3680
-1824
1621
2928
-1762
174
2503
3358
96
417
3589
-2493
-1348
3214
113
-2203
552
751
-1437
2760
2277
2379
3019
-1426
991
305
1038
2847
-1065
3297
685
-632
547
-1836
-2449
3363
2229
-1591
2856
-672
872
612
1520
-2548
1551
-740
2497
637
1434
3162
1723
-3536
3194
1569
-1941
-12
678
947
3175
-1486
3923
-1002
-1398
977
-55
3113
-112
-1316
-924
493
2419
-376
259
277
3793
-2829
1401
-2822
3416
297
4183
-27
-559
1851
25
3738
-2214
2378
195
814
-2633
834
283
334
-792
-2162
-20
-1770
2945
-2285
3466
-3768
4011
-1895
961
865
2839
-598
-409
-1829
-649
-1897
1950
805
593
1257
1209
-1528
283
-2001
640
489
4032
-2950
-609
21
2753
257
-437
26
1643
3426
-3658
4184
-252
981
132
340
-2351
-292
2245
4056
-3252
2620
-1458
1916
2594
-1522
354
608
-2544
585
786
135
1072
2765
2739
-2016
2774
-1069
3786
-3595
4476
335
-831
3675
-1098
679
736
969
-3164
946
2570
-884
-77
-1678
2504
618
-423
910
360
-863
-2489
4236
790
646
-152
2487
-2332
2719
-2679
-886
295
3118
1694
-2294
-783
1534
2205
-2371
933
518
4478
-1576
3203
134
-840
1272
-683
-543
-82
-169
-108
1477
-1957
-307
655
225
-2374
2595
251
2244
-3437
-1139
-1234
2407
990
1481
-2750
1115
-1426
143
665
543
1579
-2289
1592
2163
2217
-1652
3359
-2854
4288
-2433
3810
-2357
-1178
2997
135
899
64
1614
526
-3441
3943
610
-350
1036
2199
-1601
-2392
-2177
4834
-3046
771
558
-1750
501
-219
-1834
-2004
-1394
-2193
3229
-1285
1099
3078
-350
1925
-2824
592
569
773
-1170
1474
-2251
894
1530
2521
-734
1575
-3458
3084
-477
-2150
1404
870
331
-2308
-392
2304
3461
-1939
1956
-1839
2452
-1459
-74
1664
3069
912
1480
260
996
3929
-1921
-1901
-1564
5298
-944
-63
690
967
-5
1888
-3078
1051
-2701
581
847
-1161
-494
4124
4047
-2755
3004
1426
-862
857
3162
2838
1571
-430
2787
709
359
1233
3917
1982
-1354
729
-973
969
2088
3092
-1303
-1077
-645
1633
881
406
899
2527
-4402
1010
3990
-2201
1864
515
3430
-3662
1263
159
3936
-576
326
821
959
-3475
3987
-3072
1331
-1342
510
-2259
-1635
4110
1597
156
-192
344
1208
467
994
639
963
150
482
322
89
473
993
182
123
852
368
267
171
149
812
508
12
732
616
440
716
182
869
221
16
791
600
415
576
567
210
1864
26
2363
-1997
3846
-3305
2283
-1186
2541
-2102
-1527
1349
-2320
-1608
506
678
1066
-620
23
288
413
1640
738
-286
-689
3336
-355
-3218
4846
2290
486
424
-2857
4167
2464
-1376
49
-779
-3361
3250
2497
2353
-3159
4098
-546
-1679
284
431
3273
-1813
182
35
638
3541
1907
1254
-1381
1243
927
510
123
2965
258
364
-1865
-1062
1230
2653
20
-932
-1786
-841
-607
-2419
-994
1214
-1485
45
969
198
2802
-1280
-906
1953
873
2838
-2064
1900
3002
-1247
-6
3797
1314
227
59
801
1880
581
861
1620
-1883
4162
1256
3931
-1609
-2116
-2369
-3436
305
272
659
806
-1599
2060
869
-3613
1314
-3042
2815
-1359
2418
-161
2771
2059
144
3845
94
791
-1728
4084
2528
1902
-1753
3470
-2442
1939
447
3642
-2328
3163
3154
316
208
851
2002
-771
-2468
1035
366
-2398
2300
-2442
857
-2900
654
-1312
1038
-1078
999
265
-2453
-999
3060
2810
1245
2074
-2727
3437
39
3068
3780
-1389
3363
2049
579
630
2351
-1736
1069
1622
-1587
2490
-1502
1944
-2529
1588
1354
2939
-3266
-644
972
162
2326
-3332
2051
1486
4457
-1831
195
2743
-2223
1178
-2559
2844
2425
3948
328
255
1479
3335
90
1260
-699
1084
3766
-2172
-2197
2355
4319
-773
-2413
470
498
59
3638
-834
-2329
-2446
2675
1664
375
-1367
-2248
3643
-3570
-1450
-805
1428
83
90
-1479
1012
-322
-431
2519
-2049
-709
-441
-237
-660
1853
2906
143
2424
625
563
1635
2761
-857
2171
1516
1728
-653
-878
1548
-3135
-881
2656
4095
-2875
496
662
153
1348
214
2330
1983
2981
718
-377
1983
2710
3228
-1493
-2011
635
463
412
-536
-2822
-136
-1590
1564
2245
560
-257
-489
3451
1280
-192
-1682
804
913
697
148
1987
1865
3373
118
3596
680
28
-1734
-1154
-2268
1065
1103
1226
558
885
-86
323
-1208
-135
4266
-1259
-1218
-1960
-2755
-678
802
1373
3618
690
975
884
2757
-1127
1307
735
-4128
4793
-1110
3200
3372
-868
2195
3269
-2927
-503
276
125
-681
-910
1234
3716
1440
353
506
582
-1100
528
-810
-547
1184
1794
125
393
-1477
1756
2273
-2355
-1470
1301
-2709
4322
1338
3787
-3147
4418
1966
-1613
408
800
4292
2772
-333
2215
-1076
2265
1311
-2826
-121
-2137
2863
-3216
743
2622
351
137
-2103
951
-2437
3617
-2890
1179
-1056
-2219
1376
-1413
1668
2785
-1661
4032
6
287
4334
-3162
1254
1479
-1219
3555
-2033
3068
-261
-1944
54
2435
-2164
1232
777
744
-1692
1194
-2451
-757
694
-3647
2435
2815
-1960
-1219
343
1135
-653
1091
528
887
-3029
2477
3306
-3159
4480
2124
2553
-2575
1659
2315
506
217
2571
957
621
168
-200
2650
2833
-461
-2293
3258
343
-1111
-800
3137
2698
193
3559
-3231
947
538
327
873
873
73
839
452
392
522
98
168
368
532
232
468
87
580
874
143
510
93
263
807
650
786
757
170
768
100
20
895
103
532
2311
-1153
-2055
4007
-962
-2606
1231
2429
-2813
1954
-1391
1248
542
1534
305
646
2486
-1368
-2194
4008
-2852
-2217
4382
-2538
2481
-1547
-1689
1839
-733
-463
781
965
259
2020
507
-2792
2960
2228
1436
1719
-2825
2435
3116
-1319
3199
-1970
919
953
-763
-1346
-270
1721
2858
-694
-1846
3518
-318
129
3216
2520
3275
-2392
920
740
884
-2221
1276
-2332
-484
-1331
1319
-3075
4269
3130
-3744
3965
-1923
148
213
293
505
4007
-1520
284
2279
827
500
69
-840
1245
3046
-3347
792
-2077
749
878
-2658
-483
1114
2595
-888
2804
-1903
-5
3726
1104
1181
1971
344
3816
883
204
193
2379
-1940
4397
435
-1284
-896
3450
665
-384
-1184
2551
619
-3294
576
714
-397
-2713
413
-104
-2664
4161
-435
-2245
-2842
3572
-449
1818
-1816
590
544
45
-971
837
-1218
3712
543
-2811
2126
1409
467
-1239
2309
-1869
-1908
721
340
386
4181
836
1760
-387
-1806
2116
-2168
4422
-1694
973
-3183
35
481
-600
969
884
-1909
2289
2629
217
-1534
3097
-1477
-914
-186
1237
223
1147
572
-1581
821
8
1771
2043
1775
-2963
-65
3177
-458
2116
2259
211
843
969
2467
1334
179
795
481
-1727
1592
3378
1511
2655
2021
2942
3137
-126
823
2534
-343
3167
429
772
-106
3729
925
-347
1750
-3147
-1246
-175
607
-3311
4961
1749
1211
-1198
652
844
-169
128
-725
-347
-3295
4645
4313
-1366
3071
2482
-2772
-736
-652
204
535
419
-1950
-1025
-117
2687
-1028
-3034
35
-144
2081
2304
-1873
1210
154
3148
834
554
-821
2532
-146
-2476
1842
1581
985
-866
53
3722
-1233
2299
3085
1422
184
79
3815
2441
-596
669
-1599
-2133
653
2114
3653
-2852
-1858
2437
31
529
490
343
-1048
-3320
2706
-952
-691
1673
1919
-598
-214
2367
2280
-947
2300
3528
355
204
1018
-232
1107
3048
-2497
-961
2733
4523
2333
835
634
403
-3068
-1907
579
380
-2349
3149
-1784
379
4267
-3630
3245
-4083
2084
3081
-2672
-476
2605
535
449
531
-216
1968
-755
140
4
2135
-1243
912
2888
801
4444
-1973
-1352
242
626
575
4236
-2191
2053
1312
1156
-1259
2801
-2318
1066
3272
-567
-88
1970
1180
185
91
-2625
-3079
2430
639
3428
-530
2273
1879
2497
351
-542
1095
30
-3028
790
211
3307
1940
3351
1094
1124
-1843
1406
2454
-1092
2156
2758
-39
-382
2629
151
527
760
2649
-3263
-2049
4289
-3245
-1208
867
-514
2389
-1402
1110
2734
-45
766
731
17
2241
774
2945
-2443
2813
1137
3365
-1802
480
-1521
2189
-1203
1513
919
190
1886
1050
1786
1843
-1266
2543
-570
-143
1492
1512
-2306
3531
-416
-3028
861
183
41
-1497
-3794
3783
280
362
-2277
523
-2145
1420
-2755
2854
-1824
-1004
756
335
914
313
141
699
831
677
951
92
793
504
410
189
862
495
397
468
909
379
165
886
771
159
963
553
259
333
548
946
281
873
688
467
3218
182
3017
436
2722
4363
-1478
380
899
881
227
-1228
290
2714
46
586
-2438
3394
1166
1650
357
-1663
-2221
2360
854
-100
892
2056
326
1780
408
123
-1954
-1164
2849
-1681
495
1318
513
-2534
2599
-2908
2110
26
3149
-2448
920
804
-661
-1954
3602
703
1774
-2670
2396
1176
-1409
1448
-1316
-1092
-329
2335
221
627
-3129
3029
1485
2705
1058
744
-2520
4564
-1486
-430
3251
-2846
242
-402
816
917
3054
1490
2097
-2087
2761
-1520
2645
-495
2956
-3207
3099
-885
1456
-2469
897
33
4659
-2833
1459
-1956
-1041
-2840
2869
-1605
-1367
1972
651
2161
354
2050
22
988
2009
-707
3494
-1737
1251
3351
-2769
-1029
2172
2882
-3966
3564
-3160
-200
333
590
2917
199
-1508
2345
2248
-2413
56
2424
743
-2810
4546
-1817
802
2675
166
167
946
-323
2829
-1584
3236
175
1222
352
2488
2657
-2100
1557
3582
-3287
418
294
1122
-274
-901
252
76
-534
3213
-2787
-1987
-2510
1932
-2258
1534
105
462
775
-515
4088
-3297
-1262
-269
3266
2997
1885
2278
2590
1797
2971
1230
-735
320
53
356
986
2719
2290
985
-342
-515
-412
1547
-2941
2195
-792
1346
1030
469
800
-1318
1502
1644
482
1094
1050
-2140
1028
888
247
-916
2507
1086
-2264
994
112
-1546
-825
-1014
2882
-1820
600
4220
-1780
1115
-1109
735
-2970
3302
370
551
702
2699
2832
223
-2362
3924
636
-2761
-1427
1161
-402
1624
-47
3006
3952
55
414
374
140
-2211
2842
-1518
1417
-468
-1744
99
1926
-2537
214
-2182
-485
545
425
4177
-486
3296
-1418
1386
997
673
3240
3167
-814
2687
-2499
-2239
2455
600
267
-2824
3850
-2681
1415
2347
297
-3256
226
-1562
-1100
1867
3768
-765
-3684
938
444
1292
2143
-552
1120
1119
874
3787
232
-1280
-1050
-92
333
1601
2389
824
779
-101
-596
-1112
4124
0
-582
-1327
-267
-2685
2102
-78
-1781
2297
-2670
750
353
-2244
1258
3915
-1986
-1837
1903
258
-1209
804
2364
4941
-2127
3512
-1780
363
662
545
-1708
1710
-201
805
3838
-818
2299
-2094
961
-3538
949
-968
2153
554
432
-2881
1524
2629
2173
-2538
1443
-2917
1434
1237
-3378
4701
-1673
3464
-299
23
669
623
791
-2632
-850
-1627
29
940
-591
-1504
1442
-1873
-1691
3271
-2841
800
176
438
1325
760
-587
1258
-1790
2093
-508
3784
-1001
-242
-1630
2666
-1329
160
781
-435
2393
3208
1563
13
4094
-2019
1626
1944
-647
3986
-1148
-1848
1934
153
320
3045
-410
1211
1582
-2306
2255
1833
487
-2789
2934
-138
-925
-1366
1041
982
200
2980
-1585
-581
340
3356
-1803
-1317
2085
-143
-2062
230
-1587
2106
2332
74
12
-3183
4624
4817
-2831
-2253
4577
-1748
359
4013
2986
1714
348
-468
-15
869
770
922
521
30
490
133
31
332
515
349
731
500
374
397
446
351
83
366
328
197
250
446
652
400
270
692
580
159
794
845
116
296
681
905
189
714
-1077
2300
1761
3134
1275
-3036
3105
1591
-2785
2477
1166
972
451
-1975
-1378
3724
-269
1844
-1991
1277
1262
3007
-747
-2901
1376
-2248
570
945
935
3312
1488
-3248
-1011
3931
2360
-1992
2687
-2148
-180
1220
2884
-1272
-103
257
525
2201
-435
-1614
1920
-3455
3603
-2458
-2515
3670
1124
1114
-477
3712
1280
986
24
1062
-1397
-1387
-2308
2781
20
4895
-2742
4214
-2592
782
3481
-85
-1041
567
376
-1241
697
-567
-1099
2888
573
1201
2332
-1278
-1758
-178
-1165
983
3560
470
87
-2551
1599
1392
2003
1611
4070
-2644
1735
-588
3375
2400
-1678
1500
296
908
963
-97
-1799
1014
2465
2678
-3184
5675
-1943
823
2320
2028
-533
5064
-2379
204
742
61
-2095
3953
-3673
-1754
-888
-421
-2888
-145
-1487
2347
3111
-3719
2493
491
470
995
-813
335
3793
-436
3185
-768
2939
-564
1308
1868
-3198
3613
3063
587
881
-1218
-1789
4280
-557
-770
3359
-2349
-2140
462
2570
-2544
949
-2871
2785
939
109
4896
-1677
2326
2567
-1674
-757
1529
-570
2084
747
2068
3334
-5
653
623
273
1307
592
-81
-2443
595
-792
2186
793
-271
4813
-4289
2402
774
-155
998
835
-1046
15
230
225
684
182
1825
31
4034
-2756
2097
75
365
-193
890
16
-168
2247
-722
-987
-1939
74
1492
278
-2697
-1635
1851
-816
-920
-361
503
850
-237
1319
1449
3357
3109
-628
2793
1274
-367
1549
638
-269
1835
-2576
245
414
1270
2290
-956
940
1265
-2189
-2113
4689
-2608
2101
-1300
4684
26
-199
907
981
260
-1822
4275
-2975
3105
-1096
-929
-3313
3367
-2530
2994
-2168
2321
-2035
90
89
-2347
944
1338
697
1885
750
2802
1767
2162
-1015
-1019
152
-2136
5349
445
926
234
3745
-1547
484
-1546
3069
2001
-1766
635
1139
2579
2237
1355
-787
559
152
2313
7
-990
-1795
-148
1066
-2706
3573
139
940
-959
3626
-1466
2354
542
481
1844
3459
-1799
3682
-809
-1779
4185
-2673
4320
-2351
-2216
1312
2692
-2021
679
899
-961
-3037
24
2014
-2291
1902
-3322
2640
-1331
2635
825
2885
-2437
-1172
767
553
2852
3154
2360
-1689
3262
646
3574
1965
-514
2082
-2399
1574
5
-1155
898
603
1645
-157
-161
1122
-1791
-847
1771
-2340
1611
2952
-1133
-481
756
3887
750
935
222
-701
-871
1084
3005
-1200
1521
-2744
2807
-3151
180
1681
1358
-652
583
541
3321
-827
78
2469
490
-1138
938
2595
1508
3757
2319
2442
-1358
75
58
987
-1148
763
-2855
917
4286
-885
-1005
-2112
3382
578
-2290
1716
2446
345
703
5
2333
4257
2150
-2393
-239
2786
-2740
2678
-1964
1698
1405
3896
-1793
-1528
414
249
-976
-3122
-2043
3951
-2682
2896
3311
-1415
-2062
2119
-1859
2985
-596
2673
538
350
485
977
262
891
563
268
844
826
340
177
908
210
835
602
23
862
989
999
951
426
194
586
237
233
412
918
360
8
443
262
593
124
832
1845
-4076
3137
-3072
-737
-1677
-636
3146
-272
2427
-1357
3053
33
222
727
1147
-2061
4147
-349
3546
865
3742
-936
-1968
-713
1830
-3165
3676
-2352
269
827
3297
-3762
1811
2800
-4148
2202
-1674
1590
3445
3519
2780
2526
-281
3747
309
674
1068
3549
3466
-1880
4022
-2237
2352
2955
-2640
-2497
2954
-1593
-1918
3232
358
165
3082
-84
-189
3098
1886
1951
-3041
-1231
-1030
793
2409
2049
949
-636
611
641
1137
-313
-2920
1985
-328
-2101
3570
2567
3376
1134
-1829
-2009
4181
-2176
109
436
1425
-3542
3777
-50
-1826
-1467
121
733
-2573
-2116
-2052
-485
-2710
4646
180
282
2061
2282
308
1094
2451
40
-2102
3504
1162
-1243
1075
3854
-3977
3225
352
799
-955
1726
-3998
1009
3151
2891
729
3652
3621
1779
2656
-1045
4209
-3222
551
869
191
1018
3973
-1411
-1100
3690
-110
-672
-2136
1876
-2561
3479
-3342
-238
993
444
-577
2479
-2869
2763
1475
-2393
2846
2674
-2752
33
3636
-455
-986
-2838
913
905
-1619
-2007
-1562
2067
2800
1998
-2616
3109
741
-788
-2388
-881
1240
1160
393
515
-1611
680
-597
-1672
1123
885
-1224
-1976
3766
-1448
5224
-3320
2360
-1405
35
499
3328
1090
-429
156
-2271
254
714
2864
-3226
1064
753
-1421
-748
1898
396
884
1247
2647
886
-1259
3471
-196
3764
-1353
4028
1995
1053
-2656
2425
-1490
491
656
-1528
2512
1589
-1059
-3161
2378
-3236
-995
289
2159
2366
-560
2081
-1436
745
526
-1173
3289
-1925
809
2584
3188
1235
3604
-137
1881
2026
-1117
3361
2784
597
989
211
1132
300
481
-750
712
1098
-785
-1737
207
-838
3394
-1660
-1813
798
840
1702
546
-659
-72
3101
-2919
2465
321
-3267
1875
1413
-1032
724
-1902
235
293
3065
-2055
-515
3456
-2944
2631
-82
527
3294
2040
-324
1456
798
-1985
393
195
2794
-1314
1453
-1419
1369
-1565
3863
-985
1944
500
3501
-177
1684
-451
938
11
2214
-2371
2731
-2165
2763
3047
-698
1172
-3279
4203
-2694
4220
-2384
-2157
839
613
1074
3905
1769
2602
-1817
-1844
4395
-2061
2547
-2620
2937
1422
-387
2656
920
892
2275
-647
-1724
-1897
1811
904
-1549
-2014
1844
-620
-1707
-1149
-1866
3682
935
111
-998
3701
3229
192
-1268
-1603
1281
2978
1981
-1662
1429
1683
-2050
2118
37
889
1652
-2702
365
-1585
2168
3287
-1021
-1033
11
2697
-2767
2090
-344
3925
60
200
2151
3458
-3032
2253
-2641
891
3616
-992
-1508
-2492
3727
-2480
1607
2775
587
715
-1467
719
-723
2891
-1294
-2015
1381
1492
2373
-872
-2451
2488
-395
2417
211
352
1456
-2600
3587
749
1709
1751
49
1919
-2624
1924
3753
-3849
4839
-2695
183
801
746
-879
2707
-2804
-136
262
2541
-1843
1285
-882
363
-507
391
-3129
318
834
370
908
943
474
122
379
900
632
794
417
493
317
547
785
882
587
544
497
462
376
191
200
121
263
613
355
113
335
223
214
449
239
352
862
2916
2528
-461
1928
3003
2850
-344
-1869
-1390
149
5015
-2624
684
187
1028
971
-1922
-274
2026
935
-2908
-230
992
2836
4118
927
-720
-960
176
424
-1713
3282
-1042
3268
3405
1336
-1724
1340
3470
-1448
-3940
1186
-1291
-647
890
191
-2169
2729
-700
-598
-1646
-1646
-2610
3590
-2871
-827
4121
1280
2166
-1625
861
738
1687
1846
1917
1638
1617
462
-1194
1761
-792
3845
-2385
2047
2303
1523
656
249
1193
-1001
1202
2678
-2517
-2729
3500
2091
-2679
-1250
486
343
-1020
1934
54
25
2829
2791
216
2113
-1469
3884
-2401
1935
2512
401
3382
2698
-2829
-1243
372
878
-723
1674
-1403
806
2588
1680
-2190
3312
-1031
-1268
3294
-2385
2986
3187
61
65
-1875
1658
3113
-1143
3548
-2807
-941
-901
-2872
1945
1466
2587
1952
1743
810
984
540
-1311
2988
-1579
884
-3570
791
-98
1255
3351
-2180
1220
1402
-1477
869
491
-1193
4026
-824
-24
3191
4316
-2942
3005
2993
-2352
-417
1604
4239
-1088
514
234
1525
3728
-2065
1740
-908
-224
3895
-359
-61
440
3133
-2200
-3468
3264
518
340
3478
-2676
3978
1752
-2103
2277
1004
-2056
-844
-427
-1218
3374
3663
-1519
324
376
648
-2630
3419
-1106
2746
-2350
1259
812
3135
-1425
3394
740
2494
-16
68
853
-3426
2413
2621
1418
1618
1092
1526
-2830
-1899
-1324
1353
2487
-1798
796
924
307
2053
-3317
2892
-2933
4154
-4402
4347
1859
3282
-1324
355
3294
33
-1926
899
388
488
-1048
812
-1171
-584
3103
-2435
3479
-564
1813
-220
-869
1187
3068
288
150
-762
3743
-1277
-374
1229
2475
-977
-2500
2732
1225
-128
2385
-2564
3766
964
292
-1298
1026
-116
1015
34
1229
-1166
286
3633
-3411
3364
932
69
433
591
808
31
2348
3637
762
933
-2663
3200
1489
1401
-714
-549
2247
596
919
354
386
2693
-1539
-191
1645
2935
-832
-2625
-1984
765
2435
-1560
1281
-999
-27
207
542
-2119
381
1956
-1656
-2897
3619
1360
4172
-72
-2054
2322
-3838
4594
3708
908
160
-1346
590
-887
493
3643
3343
-1546
58
-1258
2795
-1049
908
-1307
-1154
627
912
2647
-2499
2902
2075
111
-1919
944
1906
-74
1200
-309
1554
4829
-3805
595
440
2328
2604
-3757
1114
-713
157
-569
2427
-257
-1498
4614
-2481
2840
333
195
539
-896
412
3581
-387
-1733
1257
3013
-1077
4546
-2342
2071
1656
-2996
-366
513
910
3579
-1547
1984
2071
-743
-1359
-301
700
-655
1025
-2309
2659
511
413
872
523
-1500
1356
1119
1759
1902
3474
-3068
3107
-2273
2553
-2244
2778
1263
-1475
936
584
-1245
566
-1624
-1211
-1667
487
2565
1184
-614
2197
1671
-1929
-2336
3705
734
191
391
4040
77
636
2165
-2275
1030
1788
49
185
831
3142
3773
2573
915
150
403
151
61
571
856
181
342
805
743
903
723
749
65
548
652
670
214
468
536
780
684
555
222
955
499
576
759
111
846
933
668
222
3910
-1552
-773
-2244
3148
-2508
1473
-2577
-497
-530
-1926
14
-1953
-284
165
747
-2808
1672
449
2347
-3240
1297
-1125
2946
-2214
4518
-1574
3090
-3466
3601
474
637
3112
-1983
-2208
581
-2386
3931
2457
1305
-3156
-821
1633
-2397
3209
2409
745
870
-1305
-292
1833
-146
395
-613
2146
1093
3018
3584
-2893
-755
1968
1329
440
978
2139
-1387
-1676
3407
1444
2866
2022
866
1253
-785
145
2490
1971
-272
633
144
-122
-850
1480
888
2583
-849
-443
149
-2861
-907
1935
1054
-292
433
607
900
-2997
3517
-2485
-1968
-88
2812
3587
-3015
4447
2866
-2220
-1426
5422
-699
639
268
617
-2336
2455
-1074
710
-605
-776
91
-3040
4727
-2359
47
-3210
2198
153
895
2851
-1109
2431
-1043
-2815
1665
968
2575
456
190
-2043
3380
-1008
-2730
823
981
1410
3615
-3182
1524
1115
2725
344
-1358
2565
793
-823
3312
-2559
5008
37
948
1949
-1876
-10
1173
1816
-1343
-1620
2084
-2143
1187
-2083
-1875
1661
-2149
670
508
3572
-2332
-1006
-1235
-1672
2121
2825
2971
-2458
2282
2304
-166
4633
1447
846
142
-2868
2941
2040
-23
-297
-693
-3534
83
-246
3478
-994
-608
-3134
-1444
627
329
-635
388
1566
528
-601
3673
516
3090
2155
2805
119
-816
3795
3227
474
249
2469
1427
-2273
238
-1677
-2052
-131
4355
117
991
-1864
382
160
3463
625
445
344
-292
-1939
4060
669
2698
133
-3207
303
-406
-969
803
2177
-2889
66
76
4087
-3091
3891
686
55
-2177
3031
740
-1293
654
1208
1954
1211
945
538
612
555
1382
792
-3036
4209
-445
-2078
745
-109
75
3527
-1768
-400
-179
666
718
-49
1319
-2710
-1557
1402
142
3707
-2992
1533
571
-170
251
4476
-3234
696
107
43
263
623
1820
2255
1151
-1446
733
2227
1779
-1128
-44
-1175
685
582
243
3142
3781
-1799
-383
-543
-1699
-536
995
1729
-197
-1322
66
4425
2538
898
531
-1823
-3355
4335
1972
631
-2204
3293
-1295
-1155
3989
-2431
5076
-3167
-1235
407
327
-1071
554
-1335
3970
-869
-2543
1564
491
-817
-2388
-492
1651
-777
-254
7
838
2965
383
1151
-2347
-1825
4926
912
-2776
2132
4652
-3417
4121
-2515
3152
431
539
-251
-2080
1382
2659
-1386
822
2416
306
1195
-1793
-1119
-1522
-536
467
332
640
-1566
-121
2263
418
1281
1971
-2375
3883
-1499
-56
3432
815
4551
-1190
840
881
1328
-447
2278
-309
-1556
-1486
1535
-3141
2408
2302
3593
-2904
-354
-1567
963
912
-481
1511
-223
-1703
4235
63
2664
681
-314
879
79
1756
3047
857
349
151
-1718
-1421
1532
1108
-572
-2125
1802
2374
-803
209
866
63
-1428
-2463
870
657
-495
-1424
4025
-845
687
-1664
3380
-122
2299
-34
-2076
2241
-1986
3354
538
213
645
11
650
159
364
932
30
551
958
783
199
471
960
475
875
475
312
133
675
603
709
237
103
182
237
875
991
116
646
735
945
24
-1159
-2137
2790
373
-1190
-399
2242
-528
2203
-1757
-274
-897
-979
2005
482
138
697
2995
892
2007
4255
744
-2914
4564
-1600
-1982
4106
1262
4029
294
812
685
1362
-1142
766
-3158
1553
-780
3939
-3008
4697
-3254
2922
2324
-3805
2524
728
521
675
267
4107
-41
-1710
-115
2458
2393
-1712
2037
-1656
-2377
1234
1095
88
7
374
-2431
1940
-3169
337
1903
-2377
2441
-3047
680
3000
-779
931
-2395
874
649
1662
2835
2780
571
-2428
3597
3072
2039
3833
1763
-717
630
114
1237
313
990
1328
784
4295
-1262
-1217
-1286
641
-1079
18
-2599
5156
-2560
-2330
2149
59
958
-1458
-1022
-1399
2308
1387
-2858
3597
2626
-350
-930
-614
2008
-225
1314
632
608
3260
-1270
-922
-1262
622
659
1555
-4088
480
-2575
4109
1155
2892
2054
26
972
-559
2553
-2351
3527
44
3169
-980
2181
1096
2866
-2228
616
3451
-813
270
789
2677
-1578
1910
3692
-2140
-2333
3295
2378
3591
-2949
857
1425
1565
3597
292
55
-1034
3524
-2275
-184
1441
-2525
2690
804
1376
2033
2292
-2183
-352
-2166
375
764
4300
-2909
3122
3323
1535
1007
3898
-1957
2270
-3371
1364
-547
3019
2704
424
672
-2380
664
2794
-571
82
1750
-1261
-807
-2316
2768
-2292
312
-1553
378
651
850
-791
-3262
21
3544
-1111
2399
-1495
1228
-3194
2023
3763
3257
-684
-3083
882
763
3196
2101
299
-2039
3730
1794
-829
1553
1542
151
-1386
-1420
-3107
3833
702
252
-1297
3812
-747
-849
-3194
1651
2098
-1063
3690
-1273
3555
3472
190
976
181
735
-1428
-1936
1724
4082
-2675
1075
105
205
-2140
2009
-1337
394
2736
-1628
577
737
-754
165
2856
597
2774
2076
-3848
4473
-2889
3429
1128
-2554
-1113
-90
781
306
3181
2659
-2596
-1022
1016
346
3715
2624
-3197
3964
-1413
1292
1084
710
938
106
2943
-2057
1823
-766
1829
441
685
-973
2595
-1518
-846
331
-2389
787
769
451
-2364
4779
-1904
-121
2650
1260
3218
3540
1669
1891
1664
-2083
-382
-1138
468
398
4621
-2284
-2598
3557
-407
3126
-1414
-3250
899
-2708
92
4111
-12
2428
142
325
1232
3769
-595
-2302
2172
-2388
298
442
2965
856
3452
-1547
502
3910
152
171
-2061
-628
-412
320
700
2678
1604
2912
-1376
-1660
5053
-710
3466
-1479
12
841
2167
1849
174
676
-1174
-1902
1801
-488
1969
-295
-2778
-916
-577
361
211
249
-2211
1133
1428
-1606
581
4248
-118
3536
37
-1338
-885
1492
1896
1724
103
541
4049
-2649
180
-1272
1988
94
2337
-1307
2943
-737
1557
-1026
-2532
3204
645
718
2406
-329
2851
-2195
286
2270
878
-10
2187
-1013
-2376
3917
1139
-1345
65
553
3561
-1076
-1309
895
1221
-867
-1838
-823
-1831
3190
759
860
1796
-240
438
160
48
649
64
651
899
220
414
849
251
559
792
969
845
253
633
119
127
808
3
624
519
585
444
710
160
926
877
237
511
589
919
364
-1095
859
2219
3489
-597
3086
3128
-2579
1741
1077
2660
-2196
3454
1877
125
8
-1059
2372
-3256
2342
188
-2908
696
-252
2119
1940
-3544
2375
827
794
9
12
-1076
3376
416
2316
-1140
-264
-2606
-655
3060
1301
4139
-2450
253
-646
913
379
-1836
1861
-2014
1437
2141
-542
-1195
-328
1223
-2010
-2481
4003
-2825
671
203
378
2521
-802
-124
978
151
2411
-586
3112
-2
-1082
4441
-2606
1618
-3402
703
355
1280
2286
-2770
4245
-2572
65
-1485
-340
-517
2759
-2776
1136
1317
3873
743
730
1771
812
-1855
728
2771
2152
2411
2112
-2043
3918
-1187
4048
-3099
1481
783
725
-1220
2408
-1925
-2721
2576
2050
-814
-334
805
1724
2006
841
3739
-3877
727
817
1176
-2171
2628
-485
2855
-2558
1001
3076
2340
250
2560
904
-3447
2322
492
446
2756
-2368
1030
2020
-480
420
-2921
4295
-2056
3543
-2754
1355
-2727
-19
240
346
-2660
2521
-747
-288
561
192
74
-3835
-156
3158
2999
-1529
-217
3616
492
225
3372
2339
594
-25
568
-274
3409
-832
-1988
-1977
152
1988
-2077
1702
745
159
1241
-705
-834
649
-3224
2955
-3518
2022
4027
-3056
539
1989
-1675
-1414
298
760
-2553
3045
-200
3398
-586
666
-85
-549
2007
3706
-1681
-449
1216
1153
116
703
2012
4357
-2263
1069
1877
2643
-1
859
2569
1261
-2252
1210
1443
-288
640
843
-2662
-992
-1392
-1856
-1160
710
3316
-1251
-1911
1355
2737
1411
4173
-2676
663
643
1666
2611
-91
1162
5041
-2649
-2155
1198
3844
-3797
-1337
-1028
-2791
4703
400
654
1192
14
-2262
3776
-949
127
5206
-2402
-1357
3589
-439
2633
-1159
-1567
177
483
2891
-831
4386
-2094
3419
-1841
437
2612
569
-122
2256
193
-75
2940
159
753
-2273
-3366
2667
1640
1787
-553
1269
-3223
1129
-1143
1002
2147
2784
3240
218
59
-683
2741
566
1794
2541
-561
-572
2141
-607
147
-2817
-13
-816
-1901
707
27
670
2395
2347
3397
-2661
1117
-2426
519
-865
2425
2193
535
-658
5302
13
31
-1319
1087
2844
-1679
558
804
1737
2882
-38
714
2575
204
734
-2797
206
467
3320
3426
-3841
4915
-3975
1326
244
454
-1943
-591
-575
-2140
1028
740
645
254
-2697
1221
2062
-960
4536
-128
2276
-2546
3863
-1307
-295
846
-2884
446
641
834
2507
-1628
923
1616
-3042
-1356
-2694
546
1332
-1604
2091
-3042
3877
-183
279
931
2119
1264
-424
1424
3039
-2832
2697
1901
-3393
4850
-2818
2265
497
-2140
894
811
-2300
1212
-161
3959
-2338
1797
-3142
3951
1042
266
2815
-1717
-476
2834
519
821
3673
-1002
-1943
3481
1120
-2298
2162
-883
3444
1242
-826
787
-1711
3998
219
548
-876
-1605
-1156
2767
-1829
197
-1052
1139
-2727
332
4587
-3731
2009
-3085
987
950
9
940
224
531
315
738
843
502
597
290
631
439
778
817
40
37
848
623
868
690
543
225
881
84
303
688
773
1
127
74
840
56
-2331
1635
310
-2962
1887
1463
-3346
-1061
1890
-1128
1518
4707
-1290
-2794
753
70
3719
2224
1401
-1700
-852
2729
830
2889
918
-1696
505
-2011
3618
-1205
835
976
1907
-1712
-678
2051
3291
2167
3044
475
-2705
4321
-2925
-1181
3053
3521
5
901
-2265
2083
1161
-1893
3126
139
-715
3615
476
522
-603
3322
2483
-3580
433
917
-2751
518
-169
2220
-612
-1521
-1079
-857
-1339
966
440
425
-420
4523
923
711
1921
1327
-825
1580
2631
-193
4467
2905
-2284
138
-1996
-685
23
199
360
837
1461
2579
-312
-2799
3546
-1291
-3603
2852
-1414
270
833
2110
-1673
1905
295
53
3231
2092
2986
4013
-1825
1173
1683
-3196
2270
-763
-810
19
396
1914
705
173
-2385
3453
-4256
1243
-1985
1648
1512
1954
-347
-1001
2649
-3049
1852
2016
601
469
1815
818
4745
-33
3753
-1755
2292
-1768
660
-1459
-2589
2186
5038
-2734
692
683
761
-765
-2875
3218
-2500
-297
2165
3276
2747
2636
3702
-2073
-2752
1029
580
922
-3581
2201
3218
-2487
850
4183
-2736
-2126
1326
-1722
-1922
1111
3543
-1717
297
182
164
3749
-3002
2060
807
-842
2044
-1572
211
3945
2913
1254
197
-57
180
674
-420
-2046
-2769
2613
-2594
4309
-1004
3763
2363
-2727
3211
1709
-2168
-428
208
694
3015
-449
3917
2166
3322
-3437
3323
126
-2607
2837
-3366
1564
2054
-93
517
496
2855
3183
5
257
-2431
1086
694
2253
69
1570
1228
-1700
-699
769
538
453
-2308
1993
471
-140
1384
748
-2054
994
-3006
4537
-1294
4090
2199
-871
103
464
1470
-53
43
-1280
641
3279
-3114
570
-1029
2668
-1538
307
3087
651
895
211
3839
-3035
-1124
-1579
1363
122
1578
1169
543
120
3751
-51
2541
1699
175
414
-2371
4591
-1890
1588
-2094
-1472
309
-430
2758
-1573
-2039
3577
1688
828
466
21
1866
2032
1518
1073
527
1182
-1939
3353
-2276
-1791
5120
-3467
2745
-2212
116
428
3259
-3768
1870
-3552
605
-2993
3973
331
170
3034
571
3330
1326
-261
781
664
-1259
1094
2335
1036
2605
2580
1887
111
3265
245
-763
-574
987
2797
911
569
1124
-1539
-1001
1830
327
1326
1744
354
293
3313
2176
1603
2925
1302
506
145
-1269
2133
-1303
2625
374
208
2972
-1697
1954
-680
155
1020
-444
-2277
593
837
2637
-703
1748
444
3555
3075
-1642
937
949
3836
1709
1955
492
3942
219
15
1481
-1162
3369
641
127
1694
-6
-2010
1586
-3218
2075
3499
-3020
2352
261
220
107
473
721
-1769
-1709
852
-209
-226
-217
2549
-1179
-2521
3314
1587
471
24
1444
1809
-1278
3647
267
-629
-1390
1993
-234
824
3726
-1104
-1404
1233
861
828
51
497
-580
-2608
140
2507
-621
4166
1612
-1328
-3191
4483
-165
2386
50
582
414
539
483
449
62
1
988
140
324
86
500
643
672
271
804
532
297
580
848
290
9
926
739
115
122
986
358
74
69
658
719
475
1051
-3027
2876
167
766
-1814
1711
2628
-1836
7
2596
-628
248
4556
153
909
-4353
4025
959
1371
242
-384
2147
1238
-2085
2335
2013
1825
-2583
-754
258
542
3720
-1852
524
3323
-2783
-2617
-1988
-686
1333
820
3084
1549
-2901
1115
145
435
1033
-46
296
-3577
-68
3287
2693
-3133
5135
-2187
-1666
-2462
3578
1318
416
373
2837
-719
3602
1245
3220
1182
-2569
4219
-2986
1301
-50
-391
3639
-3347
763
747
-633
-2520
4347
-616
222
1730
-1141
-3733
5366
537
3808
1651
-703
-1743
461
825
-477
212
-2498
5033
-4292
-364
5048
-1520
2429
-1927
-2467
3344
1746
-1728
949
617
-2341
-1834
2673
197
4093
-1435
-3260
1854
-93
2750
-1709
343
-20
-36
580
802
-1240
-25
2096
1685
-3380
3587
4632
-2974
3532
1169
1577
863
-116
-1272
961
429
2324
579
-3899
2531
-104
458
-3772
1848
-2629
2538
2778
-1531
-210
258
332
619
-2078
4333
249
3135
1348
3285
-1344
1330
3750
-415
-2601
3726
4327
-2338
981
166
2217
-378
-3008
545
2628
-3022
-2235
3427
-3037
1053
-1142
4188
-2453
-992
524
696
-701
1428
3053
945
1820
-859
4850
518
1538
1182
-1696
-1389
663
-178
529
95
2975
-2219
2466
2246
2490
351
-1327
-2408
-1665
1877
-2422
-454
4003
-2249
31
601
-210
-1711
2708
-3320
2117
460
1134
2513
946
49
2238
2971
-4306
2648
641
942
-1746
-1998
-2826
-506
-446
-1368
2896
2090
-2224
-1303
-1208
3576
3333
1291
123
159
4181
1573
1978
435
-109
-977
3009
1925
4438
-1175
2492
-3431
2668
-473
879
270
-1020
922
1790
2308
-630
-1499
2732
-1815
-2124
-1841
1701
41
-2131
-379
81
734
2722
1549
-353
-2230
-2600
2706
-1414
-35
1855
4774
-3571
863
-743
1697
610
441
1538
-1536
-1949
2929
3377
952
426
-566
2744
-2996
2745
-1928
-2442
-1085
270
21
3097
-1065
-2517
-554
3263
-731
1864
27
-1568
1529
-731
3978
-2339
1079
974
836
-844
875
1922
-583
3423
-1535
-1001
-1817
1380
-1285
1375
384
-968
1693
42
365
-236
2662
-2977
3843
-4787
3020
1103
-1576
665
1345
-2582
2228
-1633
-2872
745
697
-353
-2127
2888
-801
3297
-1286
3305
2411
586
-2750
1234
1459
3039
1468
619
16
-306
-843
3266
-92
23
-2532
974
-1169
-83
114
275
-2380
3231
-1374
424
181
1003
2610
1150
651
2664
-1963
2258
3361
121
-910
-1610
-191
-1195
-1473
548
736
-1303
-1199
3626
-2597
-1601
-1557
3627
-213
4069
-1382
-762
2483
4154
810
773
883
382
1838
-773
-1654
1167
-92
2293
125
-28
-1378
1909
753
-134
-3035
212
225
2987
2532
-1661
1108
1563
-1061
4337
-1964
-1567
1210
-1631
3916
-2084
1336
470
282
807
-2537
591
3589
824
-2341
2131
-1808
1336
160
229
2312
1020
3131
733
90
114
909
148
687
772
556
472
194
454
275
136
35
867
325
465
105
233
589
204
627
750
314
520
372
384
783
172
964
651
333
460
976
-1315
-1293
3776
-3059
2703
-2199
2805
2008
758
1531
1573
-1172
-1991
776
958
771
3396
301
723
-2058
-309
-1673
303
-2670
4041
-3373
1688
-174
3118
-2888
708
526
-1209
-2301
-113
3590
-1957
4044
-3153
5364
-35
-2868
1456
-2002
4323
393
22
573
1704
52
-3173
2733
2439
1529
2975
-1975
1187
-477
2648
-46
-668
-1008
264
784
792
940
-200
3930
-2449
2094
-840
-76
-2012
2694
2634
1200
2552
-398
233
529
2885
-1163
459
-1744
1887
513
2203
2146
-3245
3377
-3346
2571
-4228
5002
576
159
3039
-1060
1882
-3265
4690
-220
-2396
4021
104
1995
4153
-3306
3030
634
816
849
769
-1298
-1210
659
-75
616
2625
3686
-2094
-3143
2294
2098
1045
-2727
938
163
1890
2437
2190
-1988
1656
-1948
-1622
424
-305
3685
1297
365
-1524
1553
991
721
-684
-189
3157
1676
-1159
-372
4437
-1191
555
2721
2933
-2408
-1338
4488
307
214
-619
-3036
578
-2016
-1353
3526
2064
2723
-1162
-3219
-1724
-187
-271
1433
5
189
380
3447
-121
2451
1999
286
3154
-1066
-2572
4305
1083
-778
1592
2372
803
688
3153
-763
-3087
-862
2647
1083
-3357
1559
3085
-1021
-2032
-747
-1206
157
254
922
-735
979
663
1774
1024
1122
-98
-2131
2413
2407
831
4312
-2560
3411
664
939
1963
1539
294
-2605
-75
2302
1989
1550
619
1948
-1860
-737
1781
2610
419
513
-886
-1334
2521
4835
2785
-2345
-1497
1051
-1258
819
3209
-1521
-2258
894
882
439
2668
1042
2211
-2642
-2698
4536
1257
-523
4234
-3492
2215
857
3144
-627
45
902
-2170
-1239
2080
1715
-741
-937
-683
138
-810
4293
1913
2824
971
-734
991
808
-1324
-1420
2248
1051
2466
1462
2063
-318
243
-2188
390
-965
2670
-3167
241
309
2412
3825
1670
1401
1344
2771
-322
386
2302
1833
2898
-2990
4138
2948
932
251
2211
306
1926
-2234
-3110
816
-2814
1378
1434
1715
689
1768
-1442
3366
594
910
1441
2731
1507
3727
1242
2153
2604
2162
91
-1154
-3346
3434
2278
-556
480
893
-1201
-1712
1167
-933
4677
-2034
1867
671
-175
-2518
3881
-2781
4133
1957
126
952
1205
3302
-459
-392
-1844
-2345
-1560
-84
845
731
3056
-485
-3862
2086
868
876
161
-3105
675
-1144
2467
5049
-110
-2037
4279
-1027
2455
3527
244
-3038
826
536
1652
2990
-2093
-629
-920
-3433
-581
1625
-2132
4293
1236
958
566
1068
839
100
848
3680
-963
1877
-232
4463
-2386
130
-2828
-866
-1925
1413
-368
-1840
269
711
2236
-2834
2376
3053
-2532
2771
2925
1476
338
-1
452
-2060
-558
2172
500
927
1757
-2867
5262
-3982
3930
-800
-741
-1158
-494
3607
2495
2665
1106
3448
610
409
2015
2584
-2548
1211
424
4851
-3439
4391
645
2152
-1226
-3404
794
-1890
274
915
266
38
935
728
220
344
940
337
191
144
792
884
314
986
150
408
285
957
786
863
56
231
867
834
853
87
241
194
530
291
47
709
-1497
1344
2601
2103
-1704
1485
-1071
2599
-1150
-300
-1873
3243
3337
-849
942
953
1589
1821
-1193
-158
1816
1682
-2866
-631
438
2683
3208
1418
-3459
4008
952
826
-1795
3562
2697
1479
852
-2097
4799
-3465
4164
3503
-61
3883
-863
2184
747
94
-78
1417
3438
-1332
-719
2815
-911
2665
-3273
-1271
2284
486
-2486
2427
575
338
-1950
-3099
-1339
-600
2764
-2552
-294
1072
511
-1501
-965
934
3011
-2756
463
71
2480
3410
961
-2282
1922
-2109
3328
1184
826
2890
729
469
2760
-792
145
645
2226
2361
-650
4535
-3779
-399
3601
-3152
-1045
3082
-1717
3545
-1163
2251
209
303
-1204
3500
-3867
2157
1876
-1303
4158
-1589
707
-2989
4338
440
-1022
2532
635
209
2442
-4102
4215
-2714
2062
-1094
-2567
1646
-2420
-506
-1586
-509
1150
-2906
677
313
-1732
3232
-1374
496
-3218
4915
-1615
1973
2679
-1706
1882
3114
984
-699
124
766
1158
1830
-922
-1667
1237
-2675
-1028
2700
-2139
3737
-1622
2561
-1829
-1681
75
306
-557
2442
307
972
-1283
3311
2612
-1371
5113
430
1697
-1473
2827
3775
626
347
3855
2812
1423
2572
1873
-2680
-1188
-2324
-172
278
35
1279
1231
-1097
629
494
-2798
-267
-180
-1550
-2291
833
3528
2968
-674
806
2000
-95
680
1650
641
202
2374
199
-1110
2683
-1323
34
-86
1910
-627
1191
-2259
3158
-2405
-838
184
43
2656
2391
1636
-1027
-1160
-956
1606
-1866
3724
80
1929
2859
-1085
2553
18
271
1033
-1191
-2428
-473
5145
-2593
298
4240
-4320
4151
-1924
2878
832
1594
218
418
3618
-3075
3
-1591
896
2815
3199
-2157
3137
112
-1043
168
-1420
2646
88
785
-1767
3016
3558
-1309
2302
-2113
2730
1956
-749
78
-1476
-1202
-1904
3656
386
742
-55
-606
-2759
-21
-83
-502
2926
-434
-1513
934
3812
-174
1048
-508
770
866
-2457
-86
4410
-1582
-263
3761
1110
-880
-1042
474
769
-2550
2736
-303
790
393
-2686
-1275
-733
-2080
-131
-2587
1832
-1931
-307
2118
2526
3256
-2449
-1967
708
359
1433
2506
356
2825
-1086
3641
49
218
1722
-266
2756
-2077
1539
-999
873
904
1308
-346
-560
-504
-1466
3363
271
-1752
4057
-2135
23
-2740
3321
1702
91
326
2371
1127
-742
2474
1542
-1553
-1044
-656
-1025
3163
-2401
2995
374
1491
250
918
2184
-3751
4520
-1188
1890
4166
-1707
2340
1686
2186
2249
-823
1791
-472
964
850
-2373
-1477
3488
1449
-1969
640
4204
60
3705
-439
-1774
-1960
598
1429
356
378
2698
3290
194
821
3586
-369
-36
-2489
4368
-252
-369
4667
455
262
413
584
-2298
4524
-3731
3720
-1454
1470
2835
-1695
-608
-1512
3173
-644
-853
-719
792
219
-2
-589
-1314
2956
1898
-3078
-352
-416
-2997
2892
-326
580
2667
913
141
973
277
370
920
37
216
214
25
265
900
678
584
751
758
812
954
215
683
629
529
636
618
91
827
17
693
121
16
690
629
558
696
192
3515
1469
-1675
1634
351
763
2595
259
368
4813
2086
-3275
196
-2014
720
754
23
3089
-1689
-1220
-3224
1858
2260
2066
637
-545
-1396
3064
146
-1020
476
696
3365
-1763
1696
3128
2693
260
2818
-1860
-3160
-1117
-997
-471
1501
-728
653
726
-3322
3266
-687
-1654
2563
-2811
229
2986
4823
-574
4695
-1963
-310
-2356
181
940
3448
3002
-1596
3338
1478
-924
941
3764
-2468
3812
-2096
-2031
-398
1506
876
228
3005
-591
-1520
1634
155
175
-1331
-2801
1402
2830
-2058
4927
-2433
-2762
947
783
-1483
-2346
2517
1576
-67
2550
-2075
3916
-1520
-3556
3818
-2863
934
3075
210
624
2168
3091
2681
1430
1637
1734
5
1153
-1202
4201
-3556
3271
530
-491
980
887
-1418
1017
-1419
240
1890
-3575
3543
-2389
4065
-1283
882
909
1324
4187
59
676
3486
-1209
679
-2614
3772
1658
2065
-2610
-634
2289
251
-1111
-773
686
930
593
396
459
-1627
4264
-799
2625
-44
2534
2886
736
-2115
330
3149
-2042
366
834
-1785
4021
2766
-2629
-2857
2480
-1355
521
-3905
392
3455
-2821
1700
17
794
364
-993
-2885
1547
2946
2449
1100
-2475
3544
39
-2959
3796
2387
-2671
-1365
563
809
-949
2015
-2290
264
-636
3709
1544
2305
2931
2410
-2403
1577
4657
-280
540
515
540
-1401
1538
-1418
-1035
-896
-486
-1860
-971
2195
2507
-1367
-1500
166
52
134
1354
1547
1850
648
2540
1816
-102
-2987
2634
1867
-3588
356
2483
1448
607
334
2560
2685
2054
209
-1975
-1636
-2227
3185
2259
-2695
-377
3829
-2161
-2270
873
140
-1028
3613
-1923
-931
1184
662
3247
-2223
2765
345
2678
106
1326
-1549
204
703
1261
-1780
1911
-1709
3056
-1971
-1154
-1519
21
1774
2981
470
1536
36
455
505
1613
-2046
3104
1818
969
3120
2168
820
233
-862
-3699
1634
-520
4118
60
326
-110
-1758
-868
1602
35
-3191
2554
-2301
3721
2208
3849
-36
2427
-2475
580
670
5201
-1576
2778
-2783
4622
-574
-714
-1057
-1379
1417
-2046
-1809
-379
-2133
813
44
-963
-1687
2589
-1277
-2626
3873
-1218
695
3170
2185
1781
4563
-684
859
820
166
-1031
4360
-1670
-1283
1506
1525
1003
2806
-2372
3815
-2616
-925
1543
-795
793
430
151
445
2972
335
1724
8
1073
-111
258
-1717
4229
1076
327
138
524
49
-1393
3351
-1972
2465
3126
-1368
3901
-1056
-1754
-354
-2250
2438
-3010
2023
432
121
-1334
-1504
669
-1791
-939
1683
-2989
-1300
961
3150
473
-1584
-665
1427
686
938
-844
150
-843
4123
-986
-1787
2085
-1350
-3333
4356
-203
246
2146
230
395
490
1674
-1062
4886
-4077
4004
-2200
1767
4904
953
-172
-1032
424
-11
-1019
7
331
1015
-251
-2347
4171
-1100
2730
-301
-2381
3373
490
-330
-1893
1177
521
572
910
491
270
171
68
884
592
635
519
94
718
386
836
366
234
488
33
540
306
535
43
630
602
935
222
999
496
662
644
592
619
661
101
-1770
3558
-786
1156
3200
890
-2657
3444
-3910
-2322
-1291
1392
-1376
743
862
943
-549
-3276
277
1542
-779
2215
16
-443
4052
-2223
1860
-1817
-280
-1953
461
887
-1056
-1847
2435
-1531
2263
888
3221
548
2055
1782
3948
1115
-1726
896
444
537
-268
-557
3400
-3072
1790
3525
-4377
1566
-3369
1291
-2453
605
3958
2292
334
719
-3205
3831
-3408
4153
5
3295
2251
903
-513
2423
109
4424
-79
321
553
103
1201
2999
2093
1205
-1920
-2646
-2350
2510
-207
-1656
1055
-2720
2200
4410
194
869
3745
-1805
1250
-2388
2173
-459
4873
-2719
1318
3252
1885
2046
1216
-2477
728
970
-2189
-560
-237
2516
215
2544
-572
-1328
273
1393
1936
1619
-2482
-1586
721
432
1100
-2798
3248
1715
999
3208
-863
-137
-852
2776
441
1749
2438
201
283
437
-1354
3578
-1586
3414
435
-2914
587
218
-1942
-955
1840
1940
1257
3703
17
686
-550
3834
-1750
-1374
2014
3108
-362
-1856
930
2421
2580
-1001
1455
-68
52
664
2737
-4161
1888
1074
3388
-1611
3225
-969
4011
-2622
47
2971
-3281
-239
757
447
1966
1427
-1982
-475
-1492
2888
474
576
939
-832
3529
-2361
5347
-850
481
187
-1359
3904
-2498
2034
3503
-3600
3515
1982
53
-343
-1532
-23
-3245
2956
68
683
-2727
2713
1242
2433
-1896
987
-3705
2729
1566
-2586
389
909
2895
4056
200
797
2847
-665
2940
2846
557
-921
3290
2993
-1757
3857
2038
-2760
3405
-3169
760
857
874
-188
-2009
-173
4008
909
-725
729
1064
2257
2310
-3915
2613
2445
313
232
-2222
2814
3052
311
-1101
1341
-475
-443
-1260
2776
2112
3621
-3455
2803
315
143
-2359
749
-236
1061
1114
331
-924
2366
1208
-187
-3041
-478
2016
-2206
17
291
4013
2078
2971
-428
-2896
4254
-2691
2855
-1194
-2183
2820
-125
3110
-1506
797
234
1947
1935
-486
1022
-430
-1110
3225
2718
-2421
3714
-1366
-2016
591
3767
53
456
-480
542
518
2229
1814
2186
685
-762
-1291
1221
1013
1061
1596
2393
129
186
298
-382
-2262
1932
3616
-1053
222
444
1105
-314
-1786
-1326
-1833
874
909
942
-1215
850
-1802
-766
-605
-891
208
1469
2768
2263
3123
3158
-2762
1332
445
327
-2247
4131
-1425
4110
-2148
742
-856
-241
2490
-2349
-1314
-1718
3231
2577
986
749
-291
2857
1021
-332
1034
-513
2852
3511
-342
-355
2761
1560
3039
-532
906
368
1808
913
-1188
307
-355
144
169
48
3579
-3888
2848
-2575
-789
-62
442
547
3456
-3202
4190
-2890
-926
-57
2937
2019
2579
-1420
-420
4520
2622
1435
865
886
858
-2351
2655
1741
2918
816
-699
-1826
2887
-1801
4036
-2656
-6
1835
101
261
215
-1325
-172
2299
-59
-2989
4581
-1004
3043
-178
-1778
4280
-158
-30
407
888
635
912
803
801
200
897
283
469
395
741
576
540
501
112
696
945
112
789
969
248
465
625
233
787
267
626
460
429
172
729
871
909
-3111
1983
-1079
-2066
2611
988
2483
50
3309
1632
436
-1342
41
12
661
59
3114
2917
3498
2751
3178
-797
-1206
471
-1579
1559
3543
1766
487
1844
225
154
-584
1042
-2726
3399
-2305
2670
-1962
4104
1836
11
-3314
3395
2573
1163
603
78
-914
1825
-1617
-593
1202
-2812
4521
-2418
2618
-32
-995
-1899
907
-3697
550
764
-1746
434
450
-373
515
2779
-2052
-632
-677
-2674
2555
824
-2638
4333
229
192
-166
158
3286
-3345
2416
1820
307
1002
1519
2814
653
556
1716
-1061
876
534
-537
1051
-277
835
43
521
2325
-2136
-172
-2241
407
3185
-2040
191
464
68
3582
16
-10
-1604
4632
-2181
-906
-286
-708
-520
1666
-1258
1711
3481
217
731
1151
-1549
1089
-1322
-2732
2680
-48
4103
4211
-3462
2383
-1526
2516
-2896
363
696
-141
2785
-731
3066
2473
2423
-2430
1434
-2511
2466
2612
-1
3295
-1042
52
297
-1948
1072
-182
-1632
2371
-3825
-1744
2458
-1154
1276
-257
3242
-631
2945
581
255
55
-245
2626
2801
-2300
3286
2929
1309
2530
-1303
-131
2777
3261
-1052
791
509
-539
1470
165
-229
2772
1176
412
183
-2248
65
-2347
-1133
-1491
-456
806
102
-26
2040
3139
-531
1595
4089
-3359
-2051
2553
1391
600
-475
-255
2348
588
650
4621
-3812
2148
-120
-1696
-1907
5511
-2495
-218
968
1457
-473
720
-1771
788
574
-2106
1230
-1754
760
43
-794
1690
1755
1566
-3231
1600
-104
-2875
4043
511
85
752
2086
-592
-799
-216
206
-3448
3171
1483
229
-2392
4786
-283
-3896
469
883
-100
-2283
2601
2984
520
1942
3876
-92
-1652
-446
504
-2357
2506
4177
555
541
2363
1183
-1789
-299
-2521
868
3344
-2780
-534
2051
394
185
313
-552
545
490
-2343
2320
-2795
3607
1456
-1020
-1531
-1585
2177
4037
-2082
1215
-16
-1721
411
954
3135
-883
3464
789
2867
1608
3105
193
2880
143
2329
253
-1486
-2666
501
317
-2208
-1243
1467
794
-1608
380
-640
-1718
760
936
-1152
3383
886
-265
983
309
-19
2255
1148
587
-655
415
3072
-855
-631
1401
-1930
1743
3624
3290
371
676
-3836
3889
1939
-2119
300
254
109
2512
-636
629
-319
-1224
235
-1803
202
842
4402
-2045
271
1573
-195
331
3297
-2540
-1358
3924
-190
3389
-1608
1822
32
19
-2007
-3109
500
1781
-1185
3660
-13
-855
2709
3634
-2261
1304
131
1800
798
193
3276
2296
3
-1956
-789
-420
-1351
161
-1881
4195
1448
3593
-2120
137
260
701
-156
2575
-1192
-998
3588
618
3495
2168
-1470
-233
107
-2702
-2001
3997
372
668
611
1765
-443
1004
-2727
3044
-2708
795
-1037
48
2742
1277
-1946
1265
505
328
2219
745
4066
-2480
5033
401
-2623
1931
-2582
-1471
274
1673
-239
1976
301
910
300
565
281
383
593
702
335
766
979
140
611
809
209
325
313
109
365
154
591
707
72
615
133
456
73
732
232
52
490
174
549
16
2785
3852
-952
437
-1028
2125
-1447
986
3786
-2663
3103
4352
-2084
2739
498
545
2587
-3238
-680
666
-1407
-344
3124
-2049
1092
1000
-1154
308
-2491
4095
532
106
-38
-577
-1963
2210
633
2972
-1744
-1459
2323
-1438
1250
3524
-915
-2868
900
755
-447
-361
637
1975
-2361
3602
-279
3475
-707
7
-1928
110
2966
2731
681
242
1994
-1749
2157
1215
1404
2933
-1304
-2548
4230
408
12
-904
-1361
-3544
873
191
274
-32
1845
3707
-3787
1539
3371
-1251
168
-593
-1419
3463
-1287
3106
353
186
1341
1418
-681
-1724
3009
-838
1754
2470
1281
3753
-727
1704
1844
-2365
525
734
185
1929
1885
-1198
-806
302
-1172
4192
1376
3065
-3606
3302
2167
68
840
543
312
-656
3686
-1785
-365
1578
784
-2179
-715
3131
1606
-2556
-1063
-505
698
650
2503
-1277
-8
1413
2158
-278
2374
-3030
4397
-954
-958
151
-1022
4196
506
523
-2702
1081
-1455
1314
-788
2061
-1518
3447
2016
-628
358
-2750
-1744
-2335
780
151
3456
1494
934
1275
-3067
3445
-2499
-620
1183
1229
1972
1524
-1858
-101
923
95
2833
-1758
2860
1450
-852
1452
4085
-988
-958
-1194
1697
880
4367
-1374
738
62
-1600
-181
-425
-2693
79
-1016
543
3371
-774
-1403
1998
-346
-752
-1640
739
1
1443
1322
2170
2224
-681
2644
-3111
-213
-498
1797
1401
-329
3156
-2433
917
468
2331
1242
-2891
179
2488
3627
-209
403
3119
2527
-2108
2155
1194
2025
334
100
2343
2777
2794
-47
1285
-1080
689
-675
-1354
2726
2206
-2855
3501
3029
847
766
721
-1955
1900
-2061
2983
-1356
681
-2885
2730
32
1307
1033
-1449
-2850
984
774
78
327
-2617
4332
-2975
2287
-2502
3838
1217
-2131
-302
-817
38
824
316
944
445
-966
439
-1573
3179
-2426
1993
479
2465
-1513
353
2215
2492
2784
412
312
-2672
3652
-315
3134
-3287
-214
-2515
1196
2297
2635
-436
3815
-2231
3499
798
83
3297
3185
-1650
2621
-976
783
4397
-643
-1774
3098
-364
-1641
-1838
-720
123
324
2707
3243
-2990
43
-1446
-368
-1071
-1880
4413
-1699
2959
-962
-298
3610
253
653
4186
-2018
2853
2662
2941
2934
-1592
-983
-5
-2309
1942
-2196
3415
650
132
435
114
307
815
-986
-3216
2528
663
2889
224
2065
-2536
1951
1621
-2456
442
112
1353
2650
1144
-1853
963
-725
-18
3113
-3049
-2587
2394
-1273
1156
-499
545
62
513
782
-1114
5087
-2183
4414
-580
-2473
3848
-2253
339
2015
-3411
4410
270
86
233
1198
3124
-2125
453
-781
158
-937
-1063
-1062
1224
1674
3991
-3316
646
632
657
-2209
-1299
347
-73
2369
-149
1057
-358
1583
-1346
3309
-3077
1197
962
142
-2279
3557
-1613
713
-2590
-2696
5137
-1800
2927
3207
2605
-3238
2677
3715
477
721
280
238
776
68
427
739
278
187
904
422
315
679
937
188
296
116
400
522
447
91
643
863
955
663
703
942
848
513
402
162
748
175
513
232
997
500
39
370
832
789
375
547
816
145
547
415
82
157
602
515
654
96
65
897
612
422
31
311
964
216
900
95
870
835
892
766
539
991
500
394
843
58
34
504
143
515
751
262
155
129
255
679
966
374
991
54
223
864
22
303
943
650
216
866
951
910
244
545
232
735
95
23
574
509
528
613
435
616
81
842
208
938
246
393
162
292
838
905
544
604
910
952
646
668
80
167
520
395
620
958
221
678
414
952
70
919
887
356
183
665
217
812
466
831
944
941
519
110
886
280
327
141
59
702
985
548
329
781
428
513
548
156
576
805
356
758
984
260
725
976
471
398
77
352
675
689
742
847
466
434
321
926
466
434
423
325
181
767
585
7
916
317
768
620
580
923
269
347
139
625
899
398
879
846
613
36
659
750
440
833
508
193
877
423
637
296
581
213
700
773
910
709
446
195
987
701
147
312
697
589
252
197
182
123
584
898
472
724
479
183
564
285
74
503
529
342
363
207
798
105
477
889
187
944
582
854
846
701
323
503
690
629
740
284
326
38
776
893
156
817
326
771
706
507
60
420
29
365
241
650
145
633
528
920
571
582
603
207
588
857
751
851
192
649
981
592
952
247
911
787
98
881
333
128
83
267
837
206
426
610
627
714
183
474
32
998
772
570
32
568
83
461
514
447
965
248
463
955
542
306
33
580
295
97
820
90
89
112
408
302
179
841
966
964
40
164
810
123
918
918
890
297
116
11
427
689
582
579
316
386
942
888
31
729
52
979
691
452
930
431
519
334
634
705
538
382
135
775
281
753
337
11
564
631
386
414
608
227
303
451
614
334
4
882
849
791
93
916
571
964
102
179
513
488
49
774
804
337
739
572
794
345
205
344
49
440
122
311
787
716
838
986
422
532
433
707
304
777
594
963
184
258
405
991
162
854
539
253
188
327
715
659
675
733
762
633
537
684
226
570
696
356
636
82
736
355
443
26
446
764
856
833
299
676
627
517
298
768
791
635
677
837
156
156
646
542
757
393
186
251
206
476
64
911
627
69
360
985
218
774
869
166
449
952
988
155
90
573
826
933
497
169
716
516
495
380
672
368
561
107
684
846
44
8
547
409
719
736
552
651
920
620
802
96
273
484
841
